MIN=0	0	0	0	0	0
MAX=100	2154.43469003188	511	511	1000	2000
SCALE=100	5	100	500	500	500
DEC=0	0	0	1	0	0
DEF="Time" t / s	"Events" N	"Channel" n	"Energy" E / keV	"Rate" R / 1/s	"Voltage" U / V
0	2	0	0		914.953125
1.001	35	1	1	1384.0982885577	930.861979166667
2	161	2	2	1183.76494890999	942.114583333333
3	387	3	3	1244.12271219195	926.981770833333
4.001	729	4	4	1238.15160480763	929.309895833333
5.001	1321	5	5	1134.28742221752	941.7265625
6.001	1911	6	6	1306.02943914549	950.651041666667
7.001	1745	7	7	1202.97542582982	923.1015625
8	1091	8	8	1392.24280714557	934.7421875
9.001	477	9	9	1200.67625442949	924.265625
10	196	10	10	1342.46758145862	925.041666666667
11	86	11	11	1250.56696040138	926.59375
12	74	12	12	1135.22306133448	918.057291666667
13	76	13	13	1276.38559608858	928.533854166667
14	55	14	14	1262.11714905424	928.921875
15	45	15	15	1201.16155622931	927.7578125
16.001	72	16	16	1255.52983358977	927.369791666667
17	69	17	17	1093.56424673296	933.966145833333
18.001	61	18	18	1210.7134734499	939.010416666667
19.001	57	19	19	1289.28315856384	930.861979166667
20	72	20	20	1231.79956109511	918.833333333333
21.001	65	21	21	1126.61083684075	927.369791666667
22.001	68	22	22	1240.11925554687	919.997395833333
23.001	96	23	23	1227.08199001245	926.981770833333
24	82	24	24	1146.54092934475	937.0703125
25	84	25	25	1158.37300076637	933.578125
26	68	26	26	1219.54281850852	922.325520833333
27.001	82	27	27	1341.7083373836	932.026041666667
28.001	94	28	28	1210.7550642505	920.385416666667
29.001	90	29	29	1332.93053156737	932.026041666667
30.001	87	30	30	1272.16267655014	917.28125
31.001	90	31	31	1253.9919826382	928.533854166667
32	107	32	32	1280.10269668958	933.966145833333
33	101	33	33	1280.65121813706	935.130208333333
34	93	34	34	1261.70478307174	942.114583333333
35.001	90	35	35	1343.98599588807	934.7421875
36.001	83	36	36	1207.38712096708	940.950520833333
37	85	37	37	1187.68021119478	929.309895833333
38	97	38	38	1304.08766027287	923.489583333333
39	84	39	39	1269.63707003811	931.25
40.001	103	40	40	1196.53717475464	919.997395833333
41.001	97	41	41	1253.2758572097	928.921875
42	102	42	42	1127.96358276316	932.802083333333
43	113	43	43	1422.06690375183	944.0546875
43.999	102	44	44	1209.74214966974	926.205729166667
45.001	101	45	45	1294.71816062078	933.578125
46	94	46	46	1139.28301122494	936.294270833333
47.001	114	47	47	1313	937.458333333333
48	108	48	48	1315.15975535024	935.90625
49	96	49	49	1220.23552433154	924.265625
50.001	105	50	50	1245.51860705837	934.354166666667
51.001	86	51	51	1197.57270605848	938.622395833333
52.001	95	52	52	1248.04196083478	926.59375
53	112	53	53	1326.46350802711	924.265625
54.001	93	54	54	1160.28956656751	912.625
55	118	55	55	1262.38500166708	925.4296875
56.001	89	56	56	1226.65254631039	929.309895833333
57.001	107	57	57	1285.7718308581	928.533854166667
58.001	95	58	58	1220.15047988749	931.638020833333
59	108	59	59	1248.93202434896	913.7890625
60.001	96	60	60	1424.26783523288	897.4921875
61.001	117	61	61	1288.03883667457	933.578125
62	78	62	62	1228.31257148513	913.7890625
63	116	63	63	1111.67523153563	933.190104166667
64.001	113	64	64	1168.33381605808	926.205729166667
64.999	98	65	65	1377.16062730818	930.473958333333
66.001	86	66	66	1280.86550101986	930.473958333333
66.999	84	67	67	1203.26195012654	928.533854166667
68.001	116	68	68	1204.19695379235	927.7578125
69	104	69	69	1159.92357392452	923.1015625
70	120	70	70	1341.90145933537	935.518229166667
71	109	71	71	1203.81978118883	925.817708333333
72	102	72	72	1197.67021625302	925.817708333333
73	112	73	73	1206.42912684042	930.0859375
74	112	74	74	1197.63592445606	924.653645833333
75	102	75	75	1184.18619132457	921.549479166667
76.001	118	76	76	1307.93294857222	933.966145833333
77	105	77	77	1163.71370561565	927.369791666667
78	123	78	78	1144.63360278375	930.0859375
78.999	104	79	79	1432.94239571569	932.802083333333
80	120	80	80	1231.67563194733	919.997395833333
81	101	81	81	1235.13923146959	935.130208333333
82.001	112	82	82	1274.79823038378	921.9375
83.001	109	83	83	1213.57160922194	925.4296875
84	99	84	84	1207.83537203879	917.28125
85	110	85	85	1233.74417180752	919.997395833333
86	135	86	86	1197.86294046231	938.234375
87	122	87	87	1324.54030792409	947.546875
88	107	88	88	1244.96195050395	927.369791666667
89	102	89	89	1328.70937127898	928.533854166667
90	122	90	90	1132.15454453945	921.9375
91.001	112	91	91	1270.40420175085	940.950520833333
92	107	92	92	1322.46017175789	931.25
93.001	112	93	93	1231.79487723428	931.25
93.999	120	94	94	1259.96352760507	919.609375
95.001	111	95	95	1300.82744612721	936.682291666667
96.001	135	96	96	1254.53541607589	933.966145833333
97	117	97	97	1146.73253274192	895.940104166667
98	113	98	98	1289.25790315095	930.861979166667
99.001	117	99	99	1149.27318223542	934.354166666667
100	88	100	100	1350.28218787911	924.265625
	114	101	101		
	123	102	102		
	94	103	103		
	121	104	104		
	111	105	105		
	111	106	106		
	125	107	107		
	92	108	108		
	124	109	109		
	125	110	110		
	110	111	111		
	108	112	112		
	117	113	113		
	117	114	114		
	133	115	115		
	120	116	116		
	129	117	117		
	125	118	118		
	135	119	119		
	110	120	120		
	121	121	121		
	137	122	122		
	128	123	123		
	106	124	124		
	120	125	125		
	124	126	126		
	130	127	127		
	131	128	128		
	133	129	129		
	133	130	130		
	150	131	131		
	141	132	132		
	121	133	133		
	142	134	134		
	151	135	135		
	141	136	136		
	134	137	137		
	146	138	138		
	128	139	139		
	131	140	140		
	144	141	141		
	141	142	142		
	147	143	143		
	137	144	144		
	169	145	145		
	143	146	146		
	130	147	147		
	145	148	148		
	156	149	149		
	134	150	150		
	159	151	151		
	124	152	152		
	136	153	153		
	164	154	154		
	162	155	155		
	153	156	156		
	138	157	157		
	124	158	158		
	153	159	159		
	163	160	160		
	166	161	161		
	143	162	162		
	154	163	163		
	142	164	164		
	158	165	165		
	138	166	166		
	172	167	167		
	161	168	168		
	141	169	169		
	177	170	170		
	175	171	171		
	160	172	172		
	166	173	173		
	156	174	174		
	164	175	175		
	190	176	176		
	163	177	177		
	190	178	178		
	165	179	179		
	175	180	180		
	167	181	181		
	153	182	182		
	164	183	183		
	157	184	184		
	158	185	185		
	158	186	186		
	163	187	187		
	164	188	188		
	161	189	189		
	170	190	190		
	167	191	191		
	144	192	192		
	149	193	193		
	147	194	194		
	150	195	195		
	158	196	196		
	150	197	197		
	155	198	198		
	158	199	199		
	130	200	200		
	169	201	201		
	157	202	202		
	158	203	203		
	160	204	204		
	161	205	205		
	154	206	206		
	160	207	207		
	164	208	208		
	163	209	209		
	176	210	210		
	152	211	211		
	166	212	212		
	159	213	213		
	177	214	214		
	175	215	215		
	148	216	216		
	170	217	217		
	165	218	218		
	163	219	219		
	148	220	220		
	165	221	221		
	159	222	222		
	167	223	223		
	199	224	224		
	175	225	225		
	168	226	226		
	183	227	227		
	197	228	228		
	177	229	229		
	176	230	230		
	189	231	231		
	182	232	232		
	191	233	233		
	173	234	234		
	198	235	235		
	189	236	236		
	207	237	237		
	181	238	238		
	179	239	239		
	197	240	240		
	200	241	241		
	192	242	242		
	197	243	243		
	183	244	244		
	204	245	245		
	240	246	246		
	233	247	247		
	255	248	248		
	257	249	249		
	281	250	250		
	278	251	251		
	293	252	252		
	290	253	253		
	314	254	254		
	345	255	255		
	323	256	256		
	349	257	257		
	333	258	258		
	327	259	259		
	349	260	260		
	380	261	261		
	385	262	262		
	401	263	263		
	357	264	264		
	414	265	265		
	385	266	266		
	377	267	267		
	392	268	268		
	403	269	269		
	383	270	270		
	366	271	271		
	372	272	272		
	380	273	273		
	368	274	274		
	345	275	275		
	311	276	276		
	342	277	277		
	344	278	278		
	308	279	279		
	343	280	280		
	299	281	281		
	312	282	282		
	277	283	283		
	310	284	284		
	288	285	285		
	248	286	286		
	266	287	287		
	292	288	288		
	288	289	289		
	286	290	290		
	264	291	291		
	285	292	292		
	264	293	293		
	306	294	294		
	257	295	295		
	248	296	296		
	274	297	297		
	261	298	298		
	263	299	299		
	262	300	300		
	238	301	301		
	239	302	302		
	240	303	303		
	260	304	304		
	227	305	305		
	244	306	306		
	222	307	307		
	243	308	308		
	221	309	309		
	217	310	310		
	224	311	311		
	231	312	312		
	224	313	313		
	224	314	314		
	188	315	315		
	200	316	316		
	195	317	317		
	199	318	318		
	185	319	319		
	213	320	320		
	207	321	321		
	184	322	322		
	182	323	323		
	192	324	324		
	175	325	325		
	186	326	326		
	180	327	327		
	214	328	328		
	224	329	329		
	186	330	330		
	187	331	331		
	173	332	332		
	193	333	333		
	165	334	334		
	211	335	335		
	189	336	336		
	183	337	337		
	203	338	338		
	201	339	339		
	171	340	340		
	199	341	341		
	197	342	342		
	207	343	343		
	199	344	344		
	204	345	345		
	181	346	346		
	168	347	347		
	190	348	348		
	192	349	349		
	182	350	350		
	179	351	351		
	198	352	352		
	200	353	353		
	189	354	354		
	219	355	355		
	200	356	356		
	187	357	357		
	200	358	358		
	207	359	359		
	184	360	360		
	211	361	361		
	182	362	362		
	210	363	363		
	193	364	364		
	176	365	365		
	212	366	366		
	181	367	367		
	220	368	368		
	215	369	369		
	186	370	370		
	167	371	371		
	212	372	372		
	220	373	373		
	176	374	374		
	202	375	375		
	221	376	376		
	201	377	377		
	195	378	378		
	195	379	379		
	192	380	380		
	207	381	381		
	200	382	382		
	210	383	383		
	183	384	384		
	228	385	385		
	209	386	386		
	208	387	387		
	198	388	388		
	194	389	389		
	207	390	390		
	214	391	391		
	220	392	392		
	216	393	393		
	190	394	394		
	203	395	395		
	229	396	396		
	199	397	397		
	194	398	398		
	206	399	399		
	206	400	400		
	220	401	401		
	209	402	402		
	194	403	403		
	192	404	404		
	207	405	405		
	192	406	406		
	235	407	407		
	203	408	408		
	220	409	409		
	231	410	410		
	194	411	411		
	219	412	412		
	206	413	413		
	208	414	414		
	178	415	415		
	229	416	416		
	231	417	417		
	202	418	418		
	218	419	419		
	206	420	420		
	257	421	421		
	210	422	422		
	234	423	423		
	240	424	424		
	219	425	425		
	210	426	426		
	225	427	427		
	214	428	428		
	242	429	429		
	205	430	430		
	214	431	431		
	227	432	432		
	239	433	433		
	200	434	434		
	226	435	435		
	258	436	436		
	227	437	437		
	251	438	438		
	217	439	439		
	226	440	440		
	188	441	441		
	199	442	442		
	210	443	443		
	223	444	444		
	221	445	445		
	218	446	446		
	219	447	447		
	227	448	448		
	237	449	449		
	230	450	450		
	219	451	451		
	220	452	452		
	233	453	453		
	256	454	454		
	225	455	455		
	235	456	456		
	238	457	457		
	259	458	458		
	235	459	459		
	252	460	460		
	227	461	461		
	225	462	462		
	249	463	463		
	233	464	464		
	262	465	465		
	237	466	466		
	247	467	467		
	235	468	468		
	253	469	469		
	240	470	470		
	260	471	471		
	255	472	472		
	250	473	473		
	247	474	474		
	255	475	475		
	258	476	476		
	250	477	477		
	212	478	478		
	253	479	479		
	248	480	480		
	260	481	481		
	240	482	482		
	225	483	483		
	241	484	484		
	240	485	485		
	252	486	486		
	257	487	487		
	254	488	488		
	279	489	489		
	278	490	490		
	258	491	491		
	238	492	492		
	269	493	493		
	257	494	494		
	251	495	495		
	219	496	496		
	259	497	497		
	288	498	498		
	275	499	499		
	262	500	500		
	281	501	501		
	301	502	502		
	258	503	503		
	276	504	504		
	294	505	505		
	238	506	506		
	275	507	507		
	278	508	508		
	274	509	509		
	284	510	510		
	21875	511	511		
