MIN=0	0	0	0	0	0	0
MAX=100	21.5443469003188	511	511	1000	100	2000
SCALE=100	5	100	500	500	50	500
DEC=0	0	0	1	0	0	0
DEF="Time" t / s	"Events" N	"Channel" n	"Energy" E / keV	"Rate" R / 1/s	"Dead time" t / %	"Voltage" U / V
0	0	0	0			620.4453125
1	0	1	1	10.6163232126863	0.0743142624888038	616.953125
2	0	2	2	17.0205591333772	0.11914391393364	616.953125
3.001	0	3	3	17.0088599151298	0.119062019405909	617.729166666667
4	0	4	4	14.410554023726	0.100873878166082	616.953125
5	1	5	5	13.0066568069538	0.0910465976486766	616.953125
6	1	6	6	14.0130489511833	0.0980913426582834	616.953125
7	0	7	7	13.0100541698625	0.0910703791890373	617.341145833333
8	2	8	8	12.2031026721356	0.0854217187049491	616.953125
9.001	3	9	9	15.0090519592366	0.105063363714656	616.953125
10	1	10	10	14.9905140027391	0.104933598019173	616.953125
11	1	11	11	13.9942693467025	0.0979598854269177	616.953125
12.001	2	12	12	13.0248775160557	0.0911741426123897	616.953125
13.001	3	13	13	16.6635820524778	0.116645074367345	616.953125
14	0	14	14	27.7769444694437	0.194438611286106	616.953125
15.001	2	15	15	9.98765636647064	0.0699135945652945	616.953125
16.001	2	16	16	8.8880573617446	0.0622164015322122	616.953125
17	2	17	17	21.1046976279986	0.14773288339599	616.953125
18	0	18	18	12.0078495312386	0.08405494671867	616.953125
19.001	1	19	19	11.0115610379337	0.0770809272655361	616.953125
20.001	1	20	20	8.88769300041961	0.0622138510029373	616.953125
21	2	21	21	12.2086326575596	0.0854604286029173	616.953125
22	2	22	22	14.01716121047	0.0981201284732898	616.953125
23.001	3	23	23	9.99599715847121	0.0699719801092984	616.953125
24	1	24	24	16.0242623356023	0.112169836349216	616.953125
25.001	1	25	25	16.6408142372594	0.116485699660816	616.953125
26	3	26	26	18.0140527625601	0.126098369337921	616.953125
27	3	27	27	11.109444694407	0.0777661128608487	616.953125
28.001	5	28	28	17.7755064630631	0.124428545241441	617.341145833333
29	6	29	29	18.8778222899554	0.132144756029687	616.953125
30	1	30	30	12.2055900714848	0.0854391305003937	616.953125
31	2	31	31	11.0205224168446	0.0771436569179125	616.953125
32	2	32	32	15.5423497390606	0.108796448173424	616.953125
33.001	3	33	33	17.0124071485334	0.119086850039734	616.953125
34.001	5	34	34	15.5508056483636	0.108855639538545	616.953125
35	2	35	35	8.99819676136902	0.0629873773295831	616.953125
36.001	2	36	36	23.0267409542702	0.161187186679891	616.953125
37.001	1	37	37	12.0056234340165	0.0840393640381154	616.953125
38.001	4	38	38	15.5500111127044	0.108850077788931	616.953125
39.001	4	39	39	12.2176786033016	0.0855237502231115	616.953125
40.001	4	40	40	18.8690135279728	0.132083094695809	616.953125
41.001	5	41	41	9.00765019731258	0.063053551381188	616.953125
42.001	7	42	42	16.9991007475705	0.118993705232993	616.953125
43	1	43	43	13.3289407068737	0.093302584948116	616.953125
44	3	44	44	18.8814642775469	0.132170249942828	617.729166666667
45.001	4	45	45	13.0223580865989	0.0911565066061922	616.953125
46	4	46	46	14.4277995730037	0.100994597011026	616.953125
47.001	3	47	47	11.0893242853319	0.0776252699973231	616.953125
48.001	6	48	48	16.0092325243968	0.112064627670778	616.953125
49.001	3	49	49	13.0075573908441	0.0910529017359086	617.341145833333
50.001	4	50	50	11.0119336324775	0.0770835354273426	616.953125
51	9	51	51	15.9794903241689	0.111856432269182	616.953125
52.001	3	52	52	18.0324855226691	0.126227398658684	616.953125
53.001	7	53	53	12.2082112650937	0.0854574788556555	616.953125
54	11	54	54	22.0032696858753	0.154022887801127	616.953125
55.001	10	55	55	12.2144551858857	0.0855011863011998	616.953125
56	7	56	56	14.0303321751294	0.0982123252259059	616.953125
57.001	8	57	57	10.9858370588637	0.076900859412046	616.953125
58.001	8	58	58	13.3308878560166	0.0933162149921164	616.953125
59.001	11	59	59	17.9941519006323	0.125959063304426	616.953125
60	18	60	60	15.0274325781715	0.1051920280472	617.729166666667
61	12	61	61	11.1074937706398	0.0777524563944786	616.953125
62.001	12	62	62	13.2915270502513	0.0930406893517589	616.953125
63	8	63	63	12.0442070575842	0.0843094494030891	616.953125
64.001	12	64	64	13.2966213617535	0.0930763495322747	616.953125
65	8	65	65	15.0156072221467	0.105109250555027	616.953125
66.001	13	66	66	7.77187201858499	0.0544031041300949	616.953125
67.001	13	67	67	16.0045148736459	0.112031604115521	616.953125
68	11	68	68	14.0387933977961	0.0982715537845729	617.341145833333
69.001	12	69	69	8.8780615995426	0.0621464311967982	616.953125
70.001	10	70	70	9.98482860764339	0.0698938002535037	617.729166666667
71	8	71	71	17.0194719778899	0.119136303845229	617.729166666667
72.001	7	72	72	21.0506816210709	0.147354771347496	616.953125
73	12	73	73	13.0184562654475	0.0911291938581327	617.341145833333
74.001	5	74	74	12.9953918340556	0.0909677428383895	617.341145833333
75.001	8	75	75	16.6557220066725	0.116590054046708	617.341145833333
76	9	76	76	15.0100987944689	0.105070691561282	616.953125
77.001	5	77	77	6.9977061519234	0.0489839430634638	616.953125
78.001	8	78	78	19.0133759099527	0.133093631369669	616.953125
79	9	79	79	15.9784243336223	0.111848970335356	616.953125
80.001	8	80	80	12.21464507073	0.0855025154951101	616.953125
81	6	81	81	18.0122339092712	0.126085637364898	618.1171875
82	8	82	82	16.9944818917298	0.118961373242108	616.953125
83.001	8	83	83	14.0094031113684	0.0980658217795785	616.953125
84	11	84	84	15.5281518182967	0.108697062728077	616.953125
85.001	3	85	85	14.0296601044268	0.0982076207309874	616.953125
86.001	3	86	86	12.002875889063	0.0840201312234411	616.953125
87	9	87	87	16.9613197104004	0.118729237972803	617.341145833333
88	9	88	88	22.0148115652211	0.154103680956548	616.953125
89.001	7	89	89	21.0344144054087	0.147240900837861	617.729166666667
90.001	6	90	90	14.4355072615043	0.10104855083053	616.953125
91	4	91	91	23.0155078491888	0.161108554944321	616.953125
92	7	92	92	13.3098119379031	0.0931686835653215	616.953125
93.001	7	93	93	16.0107880690009	0.112075516483006	616.953125
94.001	10	94	94	12.9828574350428	0.0908800020452994	616.953125
95.001	7	95	95	17.0103542026031	0.119072479418222	617.341145833333
96.001	4	96	96	15.0100957904286	0.105070670533	616.953125
97.001	5	97	97	12.2141798633478	0.0854992590434343	616.953125
98.001	6	98	98	19.9929484870686	0.13995063940948	616.953125
99.001	9	99	99	16.0097915885355	0.112068541119749	617.341145833333
100	9	100	100	14.0224555603343	0.0981571889223402	616.953125
	7	101	101			
	6	102	102			
	7	103	103			
	10	104	104			
	10	105	105			
	9	106	106			
	3	107	107			
	8	108	108			
	4	109	109			
	6	110	110			
	4	111	111			
	6	112	112			
	7	113	113			
	7	114	114			
	3	115	115			
	7	116	116			
	5	117	117			
	5	118	118			
	11	119	119			
	6	120	120			
	5	121	121			
	8	122	122			
	3	123	123			
	8	124	124			
	6	125	125			
	3	126	126			
	5	127	127			
	4	128	128			
	6	129	129			
	10	130	130			
	6	131	131			
	3	132	132			
	4	133	133			
	3	134	134			
	2	135	135			
	4	136	136			
	1	137	137			
	2	138	138			
	3	139	139			
	3	140	140			
	6	141	141			
	6	142	142			
	3	143	143			
	7	144	144			
	7	145	145			
	2	146	146			
	2	147	147			
	4	148	148			
	6	149	149			
	5	150	150			
	6	151	151			
	4	152	152			
	4	153	153			
	4	154	154			
	1	155	155			
	1	156	156			
	2	157	157			
	4	158	158			
	5	159	159			
	3	160	160			
	2	161	161			
	5	162	162			
	4	163	163			
	4	164	164			
	7	165	165			
	4	166	166			
	3	167	167			
	8	168	168			
	6	169	169			
	1	170	170			
	2	171	171			
	5	172	172			
	3	173	173			
	0	174	174			
	1	175	175			
	3	176	176			
	3	177	177			
	5	178	178			
	3	179	179			
	6	180	180			
	2	181	181			
	5	182	182			
	2	183	183			
	2	184	184			
	4	185	185			
	1	186	186			
	2	187	187			
	6	188	188			
	5	189	189			
	2	190	190			
	4	191	191			
	1	192	192			
	4	193	193			
	1	194	194			
	3	195	195			
	4	196	196			
	2	197	197			
	4	198	198			
	0	199	199			
	7	200	200			
	0	201	201			
	3	202	202			
	3	203	203			
	2	204	204			
	3	205	205			
	2	206	206			
	2	207	207			
	5	208	208			
	0	209	209			
	4	210	210			
	3	211	211			
	0	212	212			
	1	213	213			
	1	214	214			
	1	215	215			
	3	216	216			
	6	217	217			
	4	218	218			
	2	219	219			
	3	220	220			
	3	221	221			
	1	222	222			
	3	223	223			
	2	224	224			
	2	225	225			
	2	226	226			
	1	227	227			
	2	228	228			
	2	229	229			
	3	230	230			
	4	231	231			
	4	232	232			
	3	233	233			
	1	234	234			
	2	235	235			
	1	236	236			
	3	237	237			
	2	238	238			
	2	239	239			
	1	240	240			
	3	241	241			
	5	242	242			
	3	243	243			
	3	244	244			
	2	245	245			
	5	246	246			
	0	247	247			
	1	248	248			
	1	249	249			
	2	250	250			
	0	251	251			
	4	252	252			
	2	253	253			
	0	254	254			
	3	255	255			
	0	256	256			
	1	257	257			
	2	258	258			
	4	259	259			
	3	260	260			
	2	261	261			
	0	262	262			
	3	263	263			
	2	264	264			
	4	265	265			
	4	266	266			
	1	267	267			
	5	268	268			
	3	269	269			
	4	270	270			
	2	271	271			
	3	272	272			
	2	273	273			
	2	274	274			
	3	275	275			
	2	276	276			
	6	277	277			
	4	278	278			
	1	279	279			
	2	280	280			
	4	281	281			
	4	282	282			
	6	283	283			
	7	284	284			
	6	285	285			
	5	286	286			
	1	287	287			
	1	288	288			
	8	289	289			
	4	290	290			
	6	291	291			
	2	292	292			
	9	293	293			
	3	294	294			
	6	295	295			
	5	296	296			
	6	297	297			
	6	298	298			
	2	299	299			
	3	300	300			
	1	301	301			
	6	302	302			
	2	303	303			
	4	304	304			
	5	305	305			
	2	306	306			
	4	307	307			
	2	308	308			
	6	309	309			
	7	310	310			
	2	311	311			
	1	312	312			
	2	313	313			
	2	314	314			
	1	315	315			
	1	316	316			
	2	317	317			
	2	318	318			
	2	319	319			
	3	320	320			
	2	321	321			
	3	322	322			
	1	323	323			
	0	324	324			
	1	325	325			
	0	326	326			
	1	327	327			
	0	328	328			
	0	329	329			
	0	330	330			
	1	331	331			
	0	332	332			
	2	333	333			
	0	334	334			
	1	335	335			
	2	336	336			
	1	337	337			
	2	338	338			
	0	339	339			
	1	340	340			
	0	341	341			
	1	342	342			
	0	343	343			
	0	344	344			
	2	345	345			
	0	346	346			
	1	347	347			
	2	348	348			
	0	349	349			
	1	350	350			
	0	351	351			
	1	352	352			
	1	353	353			
	1	354	354			
	0	355	355			
	2	356	356			
	2	357	357			
	0	358	358			
	1	359	359			
	0	360	360			
	0	361	361			
	1	362	362			
	1	363	363			
	3	364	364			
	0	365	365			
	0	366	366			
	1	367	367			
	1	368	368			
	1	369	369			
	0	370	370			
	0	371	371			
	3	372	372			
	2	373	373			
	1	374	374			
	0	375	375			
	2	376	376			
	1	377	377			
	2	378	378			
	1	379	379			
	0	380	380			
	0	381	381			
	1	382	382			
	0	383	383			
	2	384	384			
	1	385	385			
	1	386	386			
	0	387	387			
	0	388	388			
	2	389	389			
	0	390	390			
	1	391	391			
	1	392	392			
	1	393	393			
	1	394	394			
	1	395	395			
	2	396	396			
	2	397	397			
	0	398	398			
	0	399	399			
	1	400	400			
	1	401	401			
	0	402	402			
	0	403	403			
	0	404	404			
	1	405	405			
	0	406	406			
	2	407	407			
	1	408	408			
	0	409	409			
	1	410	410			
	0	411	411			
	1	412	412			
	1	413	413			
	0	414	414			
	1	415	415			
	0	416	416			
	0	417	417			
	0	418	418			
	2	419	419			
	1	420	420			
	0	421	421			
	1	422	422			
	0	423	423			
	0	424	424			
	1	425	425			
	2	426	426			
	0	427	427			
	1	428	428			
	1	429	429			
	1	430	430			
	1	431	431			
	1	432	432			
	0	433	433			
	4	434	434			
	0	435	435			
	0	436	436			
	0	437	437			
	0	438	438			
	3	439	439			
	1	440	440			
	2	441	441			
	1	442	442			
	1	443	443			
	0	444	444			
	2	445	445			
	1	446	446			
	2	447	447			
	0	448	448			
	5	449	449			
	0	450	450			
	1	451	451			
	0	452	452			
	0	453	453			
	1	454	454			
	0	455	455			
	0	456	456			
	0	457	457			
	1	458	458			
	0	459	459			
	1	460	460			
	0	461	461			
	0	462	462			
	0	463	463			
	0	464	464			
	0	465	465			
	0	466	466			
	1	467	467			
	0	468	468			
	0	469	469			
	0	470	470			
	0	471	471			
	0	472	472			
	0	473	473			
	0	474	474			
	1	475	475			
	0	476	476			
	0	477	477			
	1	478	478			
	0	479	479			
	1	480	480			
	1	481	481			
	0	482	482			
	1	483	483			
	1	484	484			
	2	485	485			
	2	486	486			
	0	487	487			
	2	488	488			
	1	489	489			
	0	490	490			
	1	491	491			
	0	492	492			
	0	493	493			
	0	494	494			
	0	495	495			
	1	496	496			
	0	497	497			
	0	498	498			
	0	499	499			
	2	500	500			
	0	501	501			
	1	502	502			
	2	503	503			
	0	504	504			
	0	505	505			
	0	506	506			
	0	507	507			
	0	508	508			
	0	509	509			
	0	510	510			
	8	511	511			
