MIN=0	0	0	0	0	0	0
MAX=900	215.443469003188	511	824.634374726391	1000	100	2000
SCALE=900	5	100	500	500	50	500
DEC=0	0	0	1	0	0	0
DEF="Time" t / s	"Events" N	"Channel" n	"Energy" E / keV	"Rate" R / 1/s	"Dead time" t / %	"Voltage" U / V
0	0	0	-24.9262917846498			621.609375
1.001	0	1	-23.2637464490117	13.7641104631274	0.0963487732418916	621.997395833333
2.001	0	2	-21.6012011133737	16.6475608160368	0.116532925712258	621.609375
3.001	0	3	-19.9386557777357	13.0014860698578	0.0910104024890045	622.385416666667
4.001	5	4	-18.2761104420976	5.55280506611281	0.0388696354627897	621.997395833333
5.001	8	5	-16.6135651064596	7.0047359019433	0.0490331513136031	621.997395833333
6	9	6	-14.9510197708215	13.3111923833357	0.09317834668335	621.997395833333
7	8	7	-13.2884744351835	14.9989995667289	0.104992996967102	622.7734375
8.001	10	8	-11.6259290995454	14.006601311198	0.0980462091783858	621.997395833333
9.001	12	9	-9.96338376390739	9.99706086410595	0.0699794260487417	622.7734375
10	5	10	-8.30083842826934	15.9974388100465	0.111982071670326	622.7734375
10.999	11	11	-6.63829309263129	11.0201172239924	0.0771408205679468	622.7734375
12.001	10	12	-4.97574775699325	6.65993643090677	0.0466195550163474	622.7734375
13.001	5	13	-3.3132024213552	9.0012259669767	0.0630085817688369	622.385416666667
14	13	14	-1.65065708571716	15.5449590751193	0.108814713525835	622.7734375
15.001	10	15	0.0118882499208794	15.0088146768597	0.105061702738018	622.7734375
16	13	16	1.67443358555892	7.99777821721126	0.0559844475204788	622.7734375
17	23	17	3.33697892119698	9.01646948315794	0.0631152863821055	622.7734375
18.001	13	18	4.99952425683502	8.88232189223656	0.0621762532456559	622.7734375
19.001	7	19	6.66206959247306	5.55502042192158	0.038885142953451	622.7734375
20	16	20	8.3246149281111	15.5510215688226	0.108857150981758	622.7734375
21.001	15	21	9.98716026374915	12.0015710056446	0.0840109970395125	622.7734375
22	5	22	11.6497055993872	8.99669821175629	0.062976887482294	622.7734375
23.001	19	23	13.3122509350252	14.0054060867495	0.0980378426072464	622.7734375
24	9	24	14.9747962706633	7.76762721514696	0.0543733905060287	622.7734375
25.001	11	25	16.6373416063013	8.01259499807748	0.0560881649865423	622.7734375
26	16	26	18.2998869419394	4.44129211399731	0.0310890447979812	622.385416666667
27.001	13	27	19.9624322775774	11.1001712756428	0.0777011989294995	621.609375
28.001	11	28	21.6249776132155	15.5505793701571	0.1088540555911	621.997395833333
29	9	29	23.2875229488535	8.00647964397587	0.0560453575078311	621.997395833333
30.001	14	30	24.9500682844916	9.99081289250019	0.0699356902475013	622.7734375
31.001	18	31	26.6126136201296	6.01494654065888	0.0421046257846122	621.997395833333
32	19	32	28.2751589557676	4.9954032299478	0.0349678226096346	621.997395833333
33	23	33	29.9377042914057	6.00054785001871	0.0420038349501309	621.609375
34.001	17	34	31.6002496270437	11.0979119944457	0.07768538396112	621.609375
35	24	35	33.2627949626818	6.00225864992997	0.0420158105495098	622.385416666667
36.001	24	36	34.9253402983198	5.55427251860376	0.0388799076302263	621.609375
37	21	37	36.5878856339579	12.2037579364644	0.0854263055552505	622.7734375
38	23	38	38.2504309695959	10.0087476454421	0.0700612335180948	621.609375
39	34	39	39.912976305234	6.00793227298002	0.0420555259108601	621.609375
40.001	30	40	41.575521640872	5.55393689150373	0.0388775582405261	621.609375
41	25	41	43.23806697651	8.88314346909627	0.0621820042836739	621.997395833333
42.001	19	42	44.9006123121481	13.306914672071	0.0931484027044973	622.7734375
43	24	43	46.5631576477861	12.0143210707163	0.084100247495014	621.609375
44	28	44	48.2257029834242	7.76779012585152	0.0543745308809606	622.7734375
45	30	45	49.8882483190622	10.0213022822614	0.0701491159758298	622.7734375
46	36	46	51.5507936547003	13.3159264583575	0.0932114852085024	622.7734375
47.001	24	47	53.2133389903383	4.43934018974628	0.031075381328224	621.997395833333
48	27	48	54.8758843259764	12.0121346584319	0.0840849426090236	622.7734375
49.001	31	49	56.5384296616144	12.2197022480697	0.0855379157364881	621.997395833333
50	30	50	58.2009749972525	10.0019253706338	0.0700134775944369	622.385416666667
51	42	51	59.8635203328905	8.88716872800842	0.062210181096059	622.7734375
52	38	52	61.5260656685285	10.0091824239557	0.0700642769676902	621.997395833333
53	37	53	63.1886110041666	15.9929183357609	0.111950428350326	622.385416666667
54.001	36	54	64.8511563398046	8.87400324145153	0.0621180226901607	621.997395833333
55	54	55	66.5137016754427	10.0224914731148	0.0701574403118037	621.997395833333
56	46	56	68.1762470110807	10.9743595064491	0.0768205165451439	622.385416666667
57	54	57	69.8387923467188	14.0148571500648	0.0981040000504535	621.997395833333
58	57	58	71.5013376823568	12.2153951735863	0.0855077662151042	621.609375
59.001	63	59	73.1638830179949	7.00917501008821	0.0490642250706174	621.997395833333
60	81	60	74.8264283536329	16.6515433649483	0.116560803554638	621.609375
61.001	88	61	76.4889736892709	15.5550474240064	0.108885331968045	621.609375
62	106	62	78.151519024909	12.0039613072314	0.0840277291506197	621.609375
63.001	85	63	79.814064360547	5.5552679161279	0.0388868754128953	622.7734375
64	84	64	81.4766096961851	6.6597479285409	0.0466182354997863	622.7734375
65.001	64	65	83.1391550318231	7.01721041025218	0.0491204728717653	622.7734375
66.001	72	66	84.8017003674612	11.1015267929798	0.0777106875508589	622.7734375
67	69	67	86.4642457030992	6.00228506992612	0.0420159954894828	622.7734375
68	59	68	88.1267910387373	13.3192341839921	0.0932346392879449	622.7734375
69.001	60	69	89.7893363743753	8.01110419151987	0.0560777293406391	622.7734375
70.001	66	70	91.4518817100133	12.2085107081957	0.0854595749573701	622.7734375
71	53	71	93.1144270456514	12.2210286350922	0.0855472004456454	622.385416666667
72	48	72	94.7769723812894	8.9981274896694	0.0629868924276858	621.997395833333
73	59	73	96.4395177169275	5.55477418398701	0.0388834192879091	622.7734375
74	61	74	98.1020630525655	8.88531304401717	0.0621971913081202	622.7734375
75	56	75	99.7646083882036	12.0001356015323	0.0840009492107261	622.385416666667
76	41	76	101.427153723842	15.9910881665648	0.111937617165953	622.385416666667
77	63	77	103.08969905948	16.0170838216041	0.112119586751229	622.7734375
78	30	78	104.752244395118	9.0012223659973	0.0630085565619811	621.997395833333
79.001	53	79	106.414789730756	7.77092727366786	0.054396490915675	622.7734375
80.001	49	80	108.077335066394	9.00036181454495	0.0630025327018146	621.997395833333
81.001	45	81	109.739880402032	10.0118049191802	0.0700826344342614	622.7734375
82.001	53	82	111.40242573767	4.9987273240233	0.0349910912681631	622.7734375
83	55	83	113.064971073308	4.44415754938487	0.0311091028456941	622.385416666667
84.001	54	84	114.727516408946	7.0055273610879	0.0490386915276153	622.7734375
85.001	46	85	116.390061744584	18.8872310097225	0.132210617068057	623.161458333333
86.001	63	86	118.052607080222	8.00291306035397	0.0560203914224778	622.7734375
87	31	87	119.71515241586	8.87562180664835	0.0621293526465385	622.7734375
88.001	48	88	121.377697751498	7.99397733747395	0.0559578413623176	622.7734375
89	40	89	123.040243087136	10.0339347673833	0.070237543371683	623.549479166667
90	49	90	124.702788422774	13.300229063195	0.0931016034423653	622.7734375
91.001	47	91	126.365333758412	8.99375833171779	0.0629563083220245	622.7734375
92	51	92	128.02787909405	7.0128405109756	0.0490898835768292	622.7734375
93.001	56	93	129.690424429688	6.66396035832115	0.046647722508248	622.7734375
94.001	38	94	131.352969765326	15.5294402135964	0.108706081495174	622.7734375
95	39	95	133.015515100964	8.88468939236943	0.062192825746586	622.7734375
96	33	96	134.678060436603	11.0283472638069	0.0771984308466482	622.7734375
97	51	97	136.340605772241	19.9705124289258	0.13979358700248	622.7734375
98	39	98	138.003151107879	14.4373573061579	0.101061501143106	622.7734375
99.001	48	99	139.665696443517	9.98869834275286	0.06992088839927	622.7734375
100	39	100	141.328241779155	13.3326370733973	0.093328459513781	622.7734375
101.001	50	101	142.990787114793	11.0148800013939	0.0771041600097572	623.161458333333
102	34	102	144.653332450431	9.99853132684288	0.0699897192879002	622.7734375
102.999	41	103	146.315877786069	11.1104531253871	0.0777731718777099	623.9375
104	44	104	147.978423121707	9.99645459077181	0.0699751821354026	622.385416666667
105	37	105	149.640968457345	14.9972555022431	0.104980788515702	621.997395833333
106	40	106	151.303513792983	7.00677976009587	0.0490474583206711	621.609375
107.001	37	107	152.966059128621	5.55325835768159	0.0388728085037712	621.997395833333
108.001	50	108	154.628604464259	7.98700514263294	0.0559090359984305	621.997395833333
109	46	109	156.291149799897	10.0073554062236	0.070051487843565	621.609375
110	38	110	157.953695135535	13.0046101342926	0.0910322709400482	622.7734375
111.001	33	111	159.616240471173	6.66561720226938	0.0466593204158856	622.7734375
112.001	37	112	161.278785806811	6.00370068109983	0.0420259047676988	622.385416666667
113.001	41	113	162.941331142449	12.0213354661854	0.0841493482632977	622.7734375
114.001	32	114	164.603876478087	6.65427640400241	0.0465799348280169	622.7734375
115	27	115	166.266421813725	5.55089588684166	0.0388562712078916	623.9375
116.001	40	116	167.928967149363	8.8860404192656	0.0622022829348592	622.7734375
117	39	117	169.591512485001	13.0266812485332	0.0911867687397327	622.7734375
118	40	118	171.254057820639	9.99985666872108	0.0699989966810476	623.161458333333
119	36	119	172.916603156278	13.9883854435662	0.0979186981049635	623.161458333333
120	48	120	174.579148491916	12.2142354693625	0.0854996482855377	622.7734375
121.001	35	121	176.241693827554	12.0119230348043	0.0840834612436304	622.385416666667
122	28	122	177.904239163192	17.9886994989747	0.125920896492823	622.385416666667
123	34	123	179.56678449883	9.00724362532349	0.0630507053772644	622.7734375
124.001	39	124	181.229329834468	12.2045811781615	0.0854320682471303	622.385416666667
125.001	40	125	182.891875170106	8.88077679266528	0.0621654375486569	622.385416666667
126.001	33	126	184.554420505744	6.01034319961221	0.0420724023972855	621.609375
127.001	39	127	186.216965841382	11.0030533473039	0.0770213734311271	621.609375
128	31	128	187.87951117702	8.88641649034535	0.0622049154324175	622.385416666667
129	34	129	189.542056512658	16.6563471342644	0.116594429939851	622.7734375
130.001	21	130	191.204601848296	9.99363072601728	0.069955415082121	622.385416666667
131.001	35	131	192.867147183934	9.00325197461323	0.0630227638222926	622.385416666667
132.001	37	132	194.529692519572	7.99970401095159	0.0559979280766612	622.7734375
133	43	133	196.19223785521	12.2206647663903	0.0855446533647323	622.7734375
134.001	29	134	197.854783190848	10.0065002225446	0.0700455015578119	622.7734375
135	36	135	199.517328526486	6.99640874339202	0.0489748612037441	622.7734375
136.001	31	136	201.179873862124	12.9854601802362	0.0908982212616533	622.7734375
137	24	137	202.842419197762	13.0270415328138	0.0911892907296967	622.7734375
138	30	138	204.5049645334	11.1034867168988	0.0777244070182919	622.7734375
139.001	44	139	206.167509869038	16.6461530573823	0.116523071401676	622.7734375
140.001	36	140	207.830055204676	13.997606409304	0.097983244865128	621.997395833333
141	32	141	209.492600540315	10.0198422936942	0.0701388960558594	622.385416666667
142	21	142	211.155145875953	4.9936396012399	0.0349554772086793	621.997395833333
143	23	143	212.817691211591	17.7716465597147	0.124401525918003	622.7734375
144.001	22	144	214.480236547229	15.0192727307681	0.105134909115377	621.609375
145.001	29	145	216.142781882867	6.66495007174819	0.0466546505022373	621.997395833333
146	24	146	217.805327218505	10.9918385598693	0.0769428699190851	621.609375
147.001	20	147	219.467872554143	7.99659425050871	0.055976159753561	622.7734375
148	33	148	221.130417889781	10.9967020890435	0.0769769146233045	622.7734375
149	24	149	222.792963225419	9.00832549442194	0.0630582784609536	622.7734375
150.001	28	150	224.455508561057	6.00183416051946	0.0420128391236362	622.7734375
151	37	151	226.118053896695	14.9740679091949	0.104818475364364	622.385416666667
152.001	28	152	227.780599232333	9.01431924612247	0.0631002347228573	622.7734375
153	28	153	229.443144567971	10.9780055658488	0.0768460389609417	622.7734375
154.001	23	154	231.105689903609	7.0133548302678	0.0490934838118746	622.7734375
155	32	155	232.768235239247	5.55062659913552	0.0388543861939487	622.7734375
156.001	22	156	234.430780574885	10.0071511101833	0.0700500577712833	622.7734375
157.001	23	157	236.093325910523	5.55195973629968	0.0388637181540978	622.7734375
158.001	23	158	237.755871246161	7.77515150438074	0.0544260605306652	621.997395833333
159.001	25	159	239.418416581799	12.9909933443144	0.0909369534102007	622.385416666667
160.001	32	160	241.080961917437	6.00455505546508	0.0420318853882555	621.609375
161	21	161	242.743507253075	8.87895136920644	0.0621526595844451	621.609375
162	18	162	244.406052588713	6.01838375501808	0.0421286862851265	622.385416666667
163.001	35	163	246.068597924352	11.0991560867661	0.0776940926073627	621.997395833333
164	24	164	247.73114325999	13.9977463628356	0.0979842245398491	621.609375
165.001	22	165	249.393688595628	5.55534260075586	0.038887398205291	622.385416666667
166	30	166	251.056233931266	11.0049037851267	0.0770343264958866	622.7734375
167.001	27	167	252.718779266904	11.1070681383088	0.0777494769681614	622.7734375
168	29	168	254.381324602542	12.2204326077581	0.0855430282543068	622.7734375
169	26	169	256.04386993818	9.9909362226588	0.0699365535586116	622.7734375
170.001	39	170	257.706415273818	10.992845855917	0.0769499209914188	622.7734375
171	27	171	259.368960609456	8.01322582923115	0.056092580804618	622.7734375
172	22	172	261.031505945094	7.77495892322595	0.0544247124625816	622.7734375
173	12	173	262.694051280732	8.8874283881571	0.0622119987170997	622.7734375
174.001	23	174	264.35659661637	12.2172470877137	0.0855207296139961	622.7734375
175.001	20	175	266.019141952008	10.9987879335697	0.0769915155349881	623.549479166667
176	30	176	267.681687287646	8.00498790796545	0.0560349153557582	623.161458333333
177.001	19	177	269.344232623284	11.1094101369812	0.0777658709588687	622.7734375
178	17	178	271.006777958922	9.9980059532571	0.0699860416727997	622.385416666667
179.001	19	179	272.66932329456	10.9937863119765	0.0769565041838353	622.7734375
180.001	17	180	274.331868630198	17.0234566208779	0.119164196346145	621.997395833333
181	21	181	275.994413965836	8.88070088267506	0.0621649061787254	622.385416666667
182	28	182	277.656959301474	6.99549210488761	0.0489684447342133	621.609375
183.001	23	183	279.319504637112	11.013447419299	0.0770941319350927	622.385416666667
184.001	18	184	280.98204997275	6.9932438271386	0.0489527067899702	621.609375
185.001	17	185	282.644595308388	15.0087425925602	0.105061198147921	621.997395833333
186.001	13	186	284.307140644027	8.98442549839853	0.0628909784887897	622.385416666667
187	21	187	285.969685979665	13.0281851758093	0.0911972962306654	622.385416666667
188.001	17	188	287.632231315303	15.5494998892098	0.108846499224469	622.7734375
189	16	189	289.294776650941	8.88882172890249	0.0622217521023174	622.7734375
190.001	18	190	290.957321986579	6.65961117860134	0.0466172782502094	622.7734375
191	16	191	292.619867322217	8.88209901763985	0.0621746931234789	622.7734375
192	21	192	294.282412657855	14.0278185670002	0.0981947299690015	623.161458333333
193.001	17	193	295.944957993493	11.1008181858044	0.0777057273006307	622.7734375
194.001	19	194	297.607503329131	6.66645111808052	0.0466651578265636	622.7734375
195.001	19	195	299.270048664769	16.0111982320435	0.112078387624304	622.385416666667
196.001	15	196	300.932594000407	5.5521428384242	0.0388649998689694	622.7734375
197	14	197	302.595139336045	7.00960666593567	0.0490672466615497	622.385416666667
198.001	17	198	304.257684671683	5.54808105746425	0.0388365674022497	621.997395833333
199	16	199	305.920230007321	10.0045420620962	0.0700317944346733	622.385416666667
200.001	8	200	307.582775342959	10.9870649284597	0.0769094544992181	622.385416666667
201	16	201	309.245320678597	13.0126860676473	0.0910888024735314	622.385416666667
202	16	202	310.907866014235	6.66559128460608	0.0466591389922426	621.609375
203.001	19	203	312.570411349873	10.9905667965185	0.0769339675756298	622.7734375
204.001	14	204	314.232956685511	8.00964200704809	0.0560674940493366	622.7734375
205	17	205	315.895502021149	8.99128384943636	0.0629389869460545	623.161458333333
206.001	17	206	317.558047356787	9.99574736481557	0.069970231553709	622.7734375
207.001	23	207	319.220592692425	7.99568392981469	0.0559697875087028	622.7734375
208	21	208	320.883138028064	7.02223168328612	0.0491556217830028	622.7734375
209.001	18	209	322.545683363702	6.65433691972518	0.0465803584380763	623.161458333333
210.001	30	210	324.20822869934	14.0061963412614	0.0980433743888296	622.7734375
211.001	18	211	325.870774034978	14.4187022546857	0.1009309157828	622.7734375
212	17	212	327.533319370616	9.99301155391996	0.0699510808774397	622.7734375
213	15	213	329.195864706254	8.87957421553679	0.0621570195087575	622.7734375
214	14	214	330.858410041892	7.00593122137201	0.0490415185496041	622.385416666667
215.001	13	215	332.52095537753	8.88752909693706	0.0622127036785594	622.7734375
216.001	24	216	334.183500713168	8.88155864248929	0.062170910497425	621.609375
217.001	17	217	335.846046048806	13.0019736996076	0.0910138158972532	622.385416666667
218.001	13	218	337.508591384444	12.2134258415217	0.0854939808906519	622.7734375
219	12	219	339.171136720082	11.0161397463424	0.0771129782243966	621.997395833333
220.001	16	220	340.83368205572	11.0913241887584	0.0776392693213086	621.997395833333
221.001	17	221	342.496227391358	10.019078328954	0.070133548302678	621.609375
222	14	222	344.158772726996	6.66089758925464	0.0466262831247825	622.385416666667
223	8	223	345.821318062634	11.0122489244787	0.0770857424713509	621.997395833333
224.001	13	224	347.483863398272	14.4067244383705	0.100847071068593	622.7734375
225.001	10	225	349.14640873391	10.0169928266311	0.0701189497864177	621.997395833333
226.001	13	226	350.808954069548	11.9932346163529	0.0839526423144704	622.7734375
227	18	227	352.471499405186	17.0292033808779	0.119204423666145	622.7734375
228.001	10	228	354.134044740824	8.00329335521567	0.0560230534865097	622.7734375
229	14	229	355.796590076463	9.9838239865143	0.0698867679056001	622.7734375
230	15	230	357.459135412101	11.1053721015951	0.0777376047111654	622.7734375
231	15	231	359.121680747739	10.0037003687664	0.0700259025813648	622.7734375
232	8	232	360.784226083377	8.8844269322518	0.0621909885257626	622.7734375
233	19	233	362.446771419015	13.0213471965941	0.0911494303761587	622.7734375
234.001	18	234	364.109316754653	11.0845267211915	0.0775916870483402	623.161458333333
235.001	16	235	365.771862090291	9.01023743176998	0.0630716620223898	622.7734375
236.001	15	236	367.434407425929	9.98152751973681	0.0698706926381576	622.7734375
237.001	10	237	369.096952761567	13.03543160665	0.0912480212465503	622.7734375
238.001	11	238	370.759498097205	8.87371877366094	0.0621160314156266	622.7734375
239.001	14	239	372.422043432843	12.9754983664347	0.0908284885650426	622.385416666667
240.001	16	240	374.084588768481	7.01782668334102	0.0491247867833872	621.609375
241	12	241	375.747134104119	12.2145148633435	0.0855016040434042	621.997395833333
242.001	10	242	377.409679439757	11.1046617703252	0.0777326323922762	621.609375
243	13	243	379.072224775395	4.44068318578608	0.0310847823005026	621.997395833333
244.001	12	244	380.734770111033	5.55446626300509	0.0388812638410356	621.997395833333
245	13	245	382.397315446671	12.0161208277024	0.0841128457939171	622.385416666667
246	9	246	384.059860782309	14.441567363302	0.101090971543114	622.385416666667
247.001	10	247	385.722406117947	14.443093212835	0.101101652489845	622.7734375
248	11	248	387.384951453585	8.99376642049396	0.0629563649434577	622.7734375
249	18	249	389.047496789223	7.00392219643	0.04902745537501	621.997395833333
250.001	10	250	390.710042124861	5.55017373708849	0.0388512161596194	622.7734375
251.001	13	251	392.372587460499	9.00259184619252	0.0630181429233476	622.7734375
252	9	252	394.035132796137	7.99755674641397	0.0559828972248978	622.7734375
253.001	7	253	395.697678131776	16.0025091934415	0.112017564354091	622.7734375
254.001	15	254	397.360223467414	7.98969169976896	0.0559278418983827	622.7734375
255.001	10	255	399.022768803052	7.00615701078107	0.0490430990754675	622.7734375
256.001	9	256	400.68531413869	6.65999557110295	0.0466199689977206	622.385416666667
257.001	15	257	402.347859474328	9.0062287077743	0.0630436009544201	622.7734375
258	10	258	404.010404809966	4.99832805926418	0.0349882964148492	622.7734375
259.001	16	259	405.672950145604	11.0178776082071	0.0771251432574495	622.385416666667
260	13	260	407.335495481242	14.9951430731586	0.10496600151211	622.7734375
261	7	261	408.99804081688	11.0905541528469	0.0776338790699284	621.609375
262.001	7	262	410.660586152518	8.02209767024245	0.0561546836916971	622.7734375
263.001	7	263	412.323131488156	7.76957742045368	0.0543870419431757	621.997395833333
264	8	264	413.985676823794	4.9913455060271	0.0349394185421897	622.385416666667
265.001	7	265	415.648222159432	8.01842634373791	0.0561289844061654	621.609375
266.001	13	266	417.31076749507	9.99819032755071	0.069987332292855	621.609375
267.001	6	267	418.973312830708	11.9840552145371	0.0838883865017594	621.609375
268	9	268	420.635858166346	9.00594482417844	0.0630416137692491	621.997395833333
269	8	269	422.298403501984	15.0065593670994	0.105045915569696	622.7734375
270	4	270	423.960948837622	5.54294412590376	0.0388006088813263	622.385416666667
271.001	15	271	425.62349417326	9.00975756744554	0.0630683029721188	621.609375
272.001	14	272	427.286039508898	11.0058231810451	0.0770407622673156	622.385416666667
273	10	273	428.948584844536	7.77574485248468	0.0544302139673927	623.549479166667
274.001	5	274	430.611130180174	18.8723399436849	0.132106379605795	623.161458333333
275	10	275	432.273675515812	6.0081987880662	0.0420573915164634	622.7734375
276	10	276	433.936220851451	6.98982421390939	0.0489287694973657	622.7734375
277.001	12	277	435.598766187089	6.00584128123012	0.0420408889686109	622.7734375
278	11	278	437.261311522727	4.44102534837346	0.0310871774386142	622.385416666667
279.001	15	279	438.923856858365	10.0054980211626	0.0700384861481384	623.161458333333
280	10	280	440.586402194003	9.00541405492982	0.0630378983845088	623.161458333333
281	7	281	442.248947529641	9.99903787035603	0.0699932650924922	622.7734375
282.001	14	282	443.911492865279	14.99079565147	0.10493556956029	622.7734375
283.001	10	283	445.574038200917	15.0014686437802	0.105010280506462	622.7734375
284	8	284	447.236583536555	10.0002620068646	0.0700018340480521	622.7734375
285	9	285	448.899128872193	9.99596962504718	0.0699717873753303	622.7734375
286.001	6	286	450.561674207831	3.99697828441698	0.0279788479909189	622.7734375
287.001	10	287	452.224219543469	7.77346695849002	0.0544142687094301	622.7734375
288	8	288	453.886764879107	8.00451054169024	0.0560315737918317	622.7734375
289.001	12	289	455.549310214745	8.88684688895929	0.062207928222715	622.7734375
290.001	7	290	457.211855550383	7.76152514412598	0.0543306760088818	623.161458333333
291	12	291	458.874400886021	17.039150856924	0.119274055998468	622.7734375
292	10	292	460.536946221659	8.99395875790232	0.0629577113053162	622.7734375
293.001	6	293	462.199491557297	9.99924705669663	0.0699947293968764	622.7734375
294	11	294	463.862036892935	9.00537530852166	0.0630376271596516	622.7734375
295.001	13	295	465.524582228573	8.88262367832111	0.0621783657482478	622.7734375
296.001	11	296	467.187127564211	6.0008209123008	0.0420057463861056	622.7734375
297.001	9	297	468.84967289985	13.0150636346507	0.0911054454425552	622.385416666667
298	11	298	470.512218235488	15.5261714135903	0.108683199895132	622.7734375
299.001	9	299	472.174763571126	9.01524839112876	0.0631067387379013	622.385416666667
300	8	300	473.837308906764	6.66525363289649	0.0466567754302755	621.997395833333
301.001	12	301	475.499854242402	9.99421446029576	0.0699595012220703	622.7734375
302.001	11	302	477.16239957804	10.9983777392835	0.0769886441749842	621.609375
303.001	11	303	478.824944913678	6.66372204193769	0.0466460542935638	622.385416666667
304	7	304	480.487490249316	12.0000564002651	0.0840003948018556	621.997395833333
305	13	305	482.150035584954	7.0026932358185	0.0490188526507295	621.997395833333
306	7	306	483.812580920592	8.88599797754686	0.062201985842828	622.385416666667
307	11	307	485.47512625623	14.9933444543967	0.104953411180777	621.609375
308	3	308	487.137671591868	7.00785580635893	0.0490549906445125	621.609375
309.001	12	309	488.800216927506	8.88489266161175	0.0621942486312823	622.7734375
310	8	310	490.462762263144	6.01455582655585	0.0421018907858909	622.7734375
311.001	11	311	492.125307598782	12.1983608729812	0.0853885261108687	621.997395833333
312	7	312	493.78785293442	5.55183705846795	0.0388628594092757	622.7734375
312.999	14	313	495.450398270058	10.0276602981665	0.0701936220871652	622.7734375
314	11	314	497.112943605696	15.5138766640156	0.108597136648109	621.997395833333
315.001	6	315	498.775488941334	4.005388850159	0.028037721951113	622.7734375
316	16	316	500.438034276972	11.0937604697364	0.0776563232881551	621.609375
317	8	317	502.10057961261	13.3245598509248	0.0932719189564738	622.7734375
318	5	318	503.763124948249	12.0167513513838	0.0841172594596868	622.7734375
319	13	319	505.425670283887	11.0979551018909	0.0776856857132362	622.7734375
320	10	320	507.088215619525	15.0210429791094	0.105147300853766	622.7734375
321.001	16	321	508.750760955163	9.99676438059548	0.0699773506641684	622.7734375
322	12	322	510.413306290801	14.4316419744973	0.101021493821481	622.7734375
323.001	7	323	512.075851626439	10.0003490121805	0.0700024430852637	622.7734375
324.001	10	324	513.738396962077	11.0178599509805	0.0771250196568638	622.7734375
325	11	325	515.400942297715	12.2132861678428	0.0854930031748992	622.7734375
326	10	326	517.063487633353	8.99790528764903	0.0629853370135432	622.7734375
327.001	12	327	518.726032968991	6.99564311346893	0.0489695017942825	622.7734375
328.001	12	328	520.388578304629	5.55429904968165	0.0388800933477716	622.7734375
329.001	19	329	522.051123640267	6.99584167171034	0.0489708917019723	622.7734375
330	7	330	523.713668975905	8.00865655687232	0.0560605958981063	622.7734375
331.001	9	331	525.376214311543	7.99688441383237	0.0559781908968266	622.385416666667
332.001	11	332	527.038759647181	6.66244785662945	0.0466371349964062	622.385416666667
333	12	333	528.701304982819	9.00719404588445	0.0630503583211911	622.7734375
334	8	334	530.363850318457	13.0098120002106	0.0910686840014739	622.385416666667
335.001	9	335	532.026395654095	16.6662203823209	0.116663542676246	622.385416666667
336.001	16	336	533.688940989733	9.98938461395024	0.0699256922976517	622.385416666667
337	14	337	535.351486325371	13.3192977533453	0.0932350842734168	622.7734375
338	10	338	537.014031661009	15.0349773713567	0.105244841599497	621.997395833333
339.001	7	339	538.676576996647	6.65951434825664	0.0466166004377965	621.997395833333
340.001	7	340	540.339122332285	13.3114729366662	0.0931803105566636	621.997395833333
341	6	341	542.001667667924	15.0173375161624	0.105121362613137	622.385416666667
342	6	342	543.664213003562	12.2145487712497	0.0855018413987479	621.609375
343.001	7	343	545.3267583392	7.76761945766481	0.0543733362036537	622.385416666667
344	7	344	546.989303674838	8.00969814251095	0.0560678869975767	621.609375
345	5	345	548.651849010476	6.99521597179689	0.0489665118025782	621.609375
346	1	346	550.314394346114	9.01625901989057	0.063113813139234	622.7734375
347	8	347	551.976939681752	14.4196922416177	0.100937845691324	621.997395833333
348.001	5	348	553.63948501739	8.88172331189248	0.0621720631832474	622.7734375
349	6	349	555.302030353028	18.052607102357	0.126368249716499	622.7734375
350	2	350	556.964575688666	8.88000888000888	0.0621600621600622	622.7734375
351	12	351	558.627121024304	3.32763641978267	0.0232934549384787	622.7734375
352	7	352	560.289666359942	15.0107326738618	0.105075128717033	622.7734375
353	7	353	561.95221169558	7.00400068519138	0.0490280047963397	622.7734375
354.001	11	354	563.614757031218	8.99344467817408	0.0629541127472185	622.7734375
355	7	355	565.277302366856	5.55313808944062	0.0388719666260843	622.385416666667
356	11	356	566.939847702494	7.99430725380457	0.055960150776632	622.7734375
357.001	13	357	568.602393038132	14.0260814985465	0.0981825704898258	622.7734375
358	9	358	570.26493837377	10.995085196917	0.0769655963784189	622.7734375
359.001	8	359	571.927483709408	8.8801389919355	0.0621609729435485	622.7734375
360	6	360	573.590029045046	12.2206878469703	0.0855448149287923	622.7734375
361.001	10	361	575.252574380684	11.0084357643262	0.0770590503502834	622.385416666667
362.001	11	362	576.915119716322	18.0060374243484	0.126042261970439	621.997395833333
363.001	7	363	578.57766505196	9.99164143684689	0.0699414900579282	621.609375
364	5	364	580.240210387598	11.0180641161184	0.0771264488128286	622.385416666667
365.001	4	365	581.902755723237	8.86373852325906	0.0620461696628134	621.609375
366	11	366	583.565301058875	9.02337143435212	0.0631636000404648	622.385416666667
367.001	7	367	585.227846394513	9.98725626101095	0.0699107938270766	621.997395833333
368	11	368	586.890391730151	11.1037579558426	0.077726305690898	622.7734375
369.001	10	369	588.552937065789	11.1079638546856	0.0777557469827993	622.7734375
370.001	10	370	590.215482401427	16.0154468985336	0.112108128289735	622.7734375
371	12	371	591.878027737065	12.2101938246168	0.0854713567723174	622.7734375
372.001	9	372	593.540573072703	14.9814005911661	0.104869804138162	622.7734375
373.001	11	373	595.203118408341	11.0184945430906	0.077129461801634	622.7734375
374.001	10	374	596.865663743979	8.00193086591795	0.0560135160614256	622.7734375
375.001	7	375	598.528209079617	8.98828377210307	0.0629179864047215	622.7734375
376	3	376	600.190754415255	6.01330262807383	0.0420931183965168	622.7734375
376.999	11	377	601.853299750893	9.98721303824004	0.0699104912676803	622.7734375
378.001	7	378	603.515845086531	11.1091892213758	0.0777643245496307	622.385416666667
379	10	379	605.178390422169	14.4225238107547	0.100957666675283	622.385416666667
380.001	6	380	606.840935757807	9.01666640618519	0.0631166648432963	621.997395833333
381.001	8	381	608.503481093445	8.88881580307006	0.0622217106214904	622.385416666667
382.001	5	382	610.166026429083	11.1029566063147	0.0777206962442029	622.385416666667
383	6	383	611.828571764721	10.9899804348376	0.0769298630438629	622.7734375
384.001	6	384	613.491117100359	6.01197525350746	0.0420838267745522	622.7734375
385	9	385	615.153662435997	10.9824039923235	0.0768768279462645	622.385416666667
386	7	386	616.816207771636	7.76219215838953	0.0543353451087267	622.7734375
387.001	7	387	618.478753107274	15.0331782243411	0.105232247570388	621.997395833333
388	1	388	620.141298442912	16.6430594115059	0.116501415880541	622.385416666667
389.001	8	389	621.80384377855	8.00638749594427	0.0560447124716099	622.7734375
390.001	7	390	623.466389114188	4.00299864628593	0.0280209905240015	622.7734375
391.001	7	391	625.128934449826	11.1095187467574	0.0777666312273019	622.7734375
392.001	7	392	626.791479785464	14.4436773246932	0.101105741272852	622.7734375
393.001	8	393	628.454025121102	14.4361789299971	0.10105325250998	622.7734375
394.001	12	394	630.11657045674	9.99846245866191	0.0699892372106334	622.7734375
395.001	10	395	631.779115792378	13.0033444601952	0.0910234112213661	622.7734375
396.001	5	396	633.441661128016	9.00590156729705	0.0630413109710793	622.385416666667
397	8	397	635.104206463654	10.980611534214	0.0768642807394983	621.609375
398	7	398	636.766751799292	13.0246752472559	0.0911727267307915	621.997395833333
399	6	399	638.42929713493	6.00009900163353	0.0420006930114347	621.609375
400	5	400	640.091842470568	8.88573544011159	0.0622001480807811	621.997395833333
401	7	401	641.754387806206	7.77491488134258	0.0544244041693981	621.609375
402.001	8	402	643.416933141844	6.66355774678014	0.046644904227461	622.7734375
403	7	403	645.079478477482	9.00747440225899	0.063052320815813	622.385416666667
404	6	404	646.74202381312	14.4291799752728	0.10100425982691	622.7734375
405.001	7	405	648.404569148758	12.215479277661	0.0855083549436267	622.7734375
406	8	406	650.067114484396	10.0134229935228	0.0700939609546597	622.7734375
407	6	407	651.729659820034	6.66120521852139	0.0466284365296497	622.7734375
408	7	408	653.392205155673	12.0052102612534	0.0840364718287737	622.385416666667
409.001	9	409	655.054750491311	6.00349823842353	0.0420244876689647	623.161458333333
410	12	410	656.717295826949	7.76589681852286	0.05436127772966	622.7734375
411.001	5	411	658.379841162587	9.01039439096942	0.063072760736786	622.7734375
412.001	8	412	660.042386498225	12.2187032356903	0.0855309226498324	621.997395833333
413.001	6	413	661.704931833863	11.0062394371369	0.0770436760599584	622.385416666667
414.001	5	414	663.367477169501	12.2081557139163	0.0854570899974141	621.609375
415	9	415	665.030022505139	11.0162412444667	0.077113688711267	621.609375
416	7	416	666.692567840777	7.77622598868048	0.0544335819207634	621.997395833333
417	5	417	668.355113176415	5.54899417821727	0.0388429592475209	621.997395833333
418.001	4	418	670.017658512053	11.1042659480578	0.0777298616364046	622.7734375
419.001	4	419	671.680203847691	10.0155320871608	0.0701087246101254	621.997395833333
420.001	5	420	673.342749183329	7.77549091950401	0.0544284364365281	622.7734375
421.001	4	421	675.005294518967	6.66126586033524	0.0466288610223467	622.7734375
422	7	422	676.667839854605	8.00819478572423	0.0560573635000696	622.7734375
423.001	4	423	678.330385190243	12.2062185135045	0.0854435295945316	622.7734375
424	8	424	679.992930525881	7.00990288981244	0.0490693202286871	622.7734375
425.001	5	425	681.655475861519	6.99118900449763	0.0489383230314834	622.7734375
426.001	10	426	683.318021197157	7.00401540202998	0.0490281078142099	622.7734375
427.001	8	427	684.980566532795	9.01198052691248	0.0630838636883873	622.7734375
428	10	428	686.643111868433	4.43091341950869	0.0310163939365608	622.385416666667
429	3	429	688.305657204072	10.0116706044236	0.070081694230965	622.7734375
430	3	430	689.96820253971	15.5507382824076	0.108855167976853	622.385416666667
431	8	431	691.630747875348	14.9977758298444	0.104984430808911	621.997395833333
432.001	11	432	693.293293210986	13.9991348534661	0.0979939439742624	621.609375
433	4	433	694.955838546624	9.00376717618652	0.0630263702333056	621.997395833333
434	6	434	696.618383882262	12.993908455716	0.0909573591900117	621.997395833333
435.001	4	435	698.2809292179	12.0023308526516	0.0840163159685611	624.325520833333
436.001	4	436	699.943474553538	16.6655315587949	0.116658720911565	622.7734375
437	5	437	701.606019889176	10.0143194754179	0.0701002363279253	622.385416666667
438	5	438	703.268565224814	16.6402271945686	0.11648159036198	622.385416666667
439.001	5	439	704.931110560452	15.5501078344442	0.10885075484111	622.7734375
440	4	440	706.59365589609	10.9910148453639	0.0769371039175474	622.7734375
441	7	441	708.256201231728	8.88712528824835	0.0622098770177385	622.385416666667
442	6	442	709.918746567366	15.0340536348884	0.105238375444219	622.385416666667
443.001	8	443	711.581291903004	12.2085337428889	0.0854597362002226	622.7734375
444	10	444	713.243837238642	12.0005028210682	0.0840035197474774	621.997395833333
445	8	445	714.90638257428	11.990135715347	0.0839309500074289	621.609375
446	6	446	716.568927909918	6.01023181864807	0.0420716227305365	622.385416666667
447.001	5	447	718.231473245556	11.0906587041652	0.0776346109291565	621.609375
448.001	3	448	719.894018581194	6.6592349604508	0.0466146447231556	622.7734375
449.001	2	449	721.556563916832	12.0005748275342	0.0840040237927397	621.997395833333
450	7	450	723.21910925247	8.01788067569487	0.0561251647298641	623.161458333333
451	7	451	724.881654588108	7.7726883941437	0.0544088187590059	622.7734375
452	7	452	726.544199923746	6.99726546865485	0.0489808582805839	622.7734375
453.001	3	453	728.206745259384	7.00121050929706	0.0490084735650794	623.161458333333
454.001	6	454	729.869290595023	12.2155742352662	0.0855090196468633	622.7734375
455	6	455	731.531835930661	6.00365802883697	0.0420256062018588	621.997395833333
456	5	456	733.194381266299	3.33195501460896	0.0233236851022627	621.609375
457	8	457	734.856926601937	7.77701303816236	0.0544390912671365	622.7734375
458.001	4	458	736.519471937575	4.99971201658785	0.0349979841161149	621.609375
459	8	459	738.182017273213	9.99813923519789	0.0699869746463852	622.7734375
460	6	460	739.844562608851	15.0118969283157	0.10508327849821	622.385416666667
461	6	461	741.507107944489	11.0001078010565	0.0770007546073952	622.7734375
462.001	5	462	743.169653280127	10.9872196660844	0.0769105376625909	622.7734375
463	7	463	744.832198615765	6.00818555199604	0.0420572988639723	622.7734375
464.001	6	464	746.494743951403	6.98889115750515	0.048922238102536	622.385416666667
465.001	6	465	748.157289287041	12.0093276447817	0.0840652935134719	622.385416666667
466.001	4	466	749.819834622679	8.0101769297893	0.0560712385085251	621.997395833333
467	5	467	751.482379958317	8.88711837741659	0.0622098286419161	621.997395833333
468	6	468	753.144925293955	7.00115589083758	0.049008091235863	622.385416666667
469.001	3	469	754.807470629593	8.88675804179398	0.0622073062925578	622.7734375
470	5	470	756.470015965231	12.2033206344839	0.0854232444413874	623.161458333333
470.999	5	471	758.132561300869	9.99450746289872	0.0699615522402911	622.7734375
472	6	472	759.795106636507	13.0233208606652	0.0911632460246563	622.385416666667
473.001	5	473	761.457651972145	8.88163752527381	0.0621714626769167	622.7734375
474	5	474	763.120197307783	7.00844096629981	0.0490590867640987	622.7734375
475.001	4	475	764.782742643421	13.3053802078921	0.0931376614552449	622.7734375
476	5	476	766.44528797906	15.0504944087413	0.105353460861189	621.609375
477.001	4	477	768.107833314698	11.0838473098062	0.0775869311686432	621.997395833333
478	2	478	769.770378650336	6.65916622577437	0.0466141635804206	621.997395833333
479.001	8	479	771.432923985974	12.0119819519971	0.0840838736639798	622.7734375
480.001	3	480	773.095469321612	11.0060918718511	0.0770426431029575	622.7734375
481	9	481	774.75801465725	10.9826561893458	0.0768785933254205	622.7734375
482.001	2	482	776.420559992888	13.304492150904	0.0931314450563279	622.7734375
483.001	4	483	778.083105328526	15.0348598259925	0.105244018781948	622.7734375
484.001	2	484	779.745650664164	3.33111703013595	0.0233178192109516	623.161458333333
485	1	485	781.408195999802	13.3273685954775	0.0932915801683424	622.7734375
485.999	6	486	783.07074133544	10.9931007299819	0.076951705109873	622.385416666667
487	7	487	784.733286671078	6.99641223980343	0.048974885678624	622.7734375
488	6	488	786.395832006716	12.0135067856791	0.084094547499754	621.997395833333
489	2	489	788.058377342354	9.98288633795085	0.069880204365656	622.385416666667
490.001	4	490	789.720922677992	7.01410114894985	0.0490987080426489	622.7734375
491	9	491	791.38346801363	9.01146258040227	0.0630802380628159	622.7734375
492.001	4	492	793.046013349268	13.3148537956931	0.0932039765698518	622.7734375
493	7	493	794.708558684906	6.66111351836352	0.0466277946285447	622.7734375
494	5	494	796.371104020544	6.66282739745742	0.0466397917822019	622.7734375
495.001	7	495	798.033649356182	12.0169005689602	0.0841183039827213	622.7734375
496.001	7	496	799.69619469182	4.99184133452286	0.03494288934166	622.7734375
497	5	497	801.358740027458	14.0261601913729	0.0981831213396105	621.997395833333
498	3	498	803.021285363096	9.99828129544531	0.0699879690681172	622.7734375
499.001	8	499	804.683830698734	3.33169709986873	0.0233218796990811	622.385416666667
500.001	8	500	806.346376034373	11.0979858931282	0.0776859012518972	621.609375
501.001	6	501	808.008921370011	6.00508570708533	0.0420355999495973	622.7734375
502	1	502	809.671466705649	12.0051586166576	0.084036110316603	622.7734375
503.001	5	503	811.334012041287	14.4195195038975	0.100936636527283	622.7734375
504	7	504	812.996557376925	10.0290079024571	0.0702030553171995	622.7734375
505.001	4	505	814.659102712563	13.2991795625301	0.093094256937711	622.7734375
506.001	8	506	816.321648048201	7.0095799929764	0.0490670599508348	621.997395833333
507.001	3	507	817.984193383839	9.98054127136792	0.0698637888995755	622.7734375
508	3	508	819.646738719477	11.0240611157913	0.0771684278105393	621.609375
509.001	4	509	821.309284055115	10.9919989239832	0.0769439924678826	621.609375
510	5	510	822.971829390753	6.66491601539329	0.046654412107753	621.609375
511	97	511	824.634374726391	17.0120258010388	0.119084180607271	621.997395833333
512				10.9895302745075	0.0769267119215523	621.997395833333
513				9.98994900131035	0.0699296430091724	622.7734375
514.001				12.0161593310684	0.0841131153174789	622.7734375
515				6.00611482550385	0.0420428037785269	622.7734375
516				9.98497593953631	0.0698948315767542	622.7734375
517.001				11.0162313152198	0.0771136192065389	622.7734375
518				6.66031346765335	0.0466221942735735	622.7734375
519				12.0098168242722	0.0840687177699051	621.609375
520.001				4.44126597842588	0.0310888618489812	621.609375
521				12.214265306945	0.0854998571486153	621.997395833333
522				14.4280749918065	0.100996524942646	622.7734375
523.001				15.02911138876	0.10520377972132	622.7734375
524				12.1970150577695	0.0853791054043865	622.7734375
525				12.0133805032045	0.0840936635224313	622.7734375
526.001				12.19960550912	0.0853972385638403	622.7734375
527				11.0219623622029	0.0771537365354205	622.7734375
528.001				9.99794597754306	0.0699856218428014	621.997395833333
529.001				10.0172928526515	0.0701210499685607	621.997395833333
530.001				9.98832143261829	0.069918250028328	621.609375
531.001				12.2074390135768	0.0854520730950375	621.997395833333
532.001				10.0102655272982	0.0700718586910877	622.7734375
533.001				7.99864183061716	0.0559904928143201	622.7734375
534				8.87796800180578	0.0621457760126405	622.7734375
535				7.01074185867586	0.049075193010731	622.7734375
536.001				7.00636388031249	0.0490445471621874	623.161458333333
537.001				5.5488845632251	0.0388421919425757	622.385416666667
538				7.771488916247	0.054400422413729	621.997395833333
539.001				8.01460902933868	0.0561022632053707	621.609375
540				14.4160911966365	0.100912638376455	621.609375
541				6.00565913260065	0.0420396139282046	622.7734375
542.001				12.2148200412772	0.0855037402889405	622.385416666667
543.001				15.5393273180597	0.108775291226418	622.7734375
544.001				13.0180273642941	0.0911261915500585	622.7734375
545.001				6.66178431895913	0.0466324902327139	622.385416666667
546.001				9.0192506886699	0.0631347548206893	623.161458333333
547.001				7.99496237420801	0.0559647366194561	622.7734375
548				10.00288683314	0.0700202078319803	621.997395833333
549				6.65798391586439	0.0466058874110507	622.385416666667
550.001				12.9882858649784	0.0909180010548486	621.609375
551.001				12.0029179093438	0.0840204253654063	622.385416666667
551.999				10.9959732745868	0.0769718129221079	622.385416666667
553				5.00718681523591	0.0350503077066514	622.385416666667
554				5.5491161145888	0.0388438128021216	622.7734375
555.001				12.003256483484	0.0840227953843878	622.7734375
556.001				10.0177454342623	0.0701242180398358	622.7734375
557				8.88368601011563	0.0621858020708094	622.7734375
558				11.0988924637188	0.0776922472460318	622.7734375
559.001				14.0275964905759	0.0981931754340314	622.7734375
560				12.2012550432779	0.085408785302945	622.385416666667
561				14.0128525883941	0.0980899681187585	621.609375
562.001				8.87828427156452	0.0621479899009516	621.609375
563.001				10.987810123449	0.0769146708641433	622.7734375
564				11.0052054621836	0.0770364382352853	622.385416666667
565.001				6.0038154247024	0.0420267079729168	622.7734375
566.001				9.99818333008892	0.0699872833106225	623.161458333333
567				11.0070125677069	0.0770490879739482	622.7734375
568.001				12.9974836871582	0.0909823858101072	622.7734375
569.001				7.99764869128476	0.0559835408389933	622.7734375
570				12.0188852744317	0.084132196921022	622.7734375
571				8.99383292876075	0.0629568305013253	622.7734375
572.001				14.4343355980806	0.101040349186564	622.385416666667
573.001				17.0122505216006	0.119085753651204	621.997395833333
574.001				8.99811219606127	0.0629867853724289	621.609375
575				11.1070730729895	0.0777495115109263	621.609375
576.001				13.3304450702348	0.0933131154916435	621.997395833333
577				12.9989405863422	0.0909925841043955	622.7734375
578				14.0124318295192	0.0980870228066341	622.7734375
579				12.0008532606668	0.0840059728246678	622.7734375
580.001				13.0080689051419	0.091056482335993	622.7734375
581				8.99743842927919	0.0629820690049543	622.7734375
582				5.55182596224803	0.0388627817357362	622.7734375
583.001				15.0047955326522	0.105033568728566	622.385416666667
584				17.7740787944909	0.124418551561436	622.7734375
585.001				9.98618134417108	0.0699032694091975	621.997395833333
586.001				10.0050555545717	0.0700353888820021	621.997395833333
587				9.00277825737022	0.0630194478015916	622.385416666667
587.999				13.002539395944	0.0910177757716082	621.997395833333
589				10.9927887305927	0.0769495211141491	622.7734375
590.001				11.1000702412445	0.0777004916887114	622.7734375
591.001				14.019811395483	0.0981386797683807	622.7734375
592				17.749961615708	0.124249731309956	622.7734375
593.001				5.00948897401458	0.035066422818102	622.7734375
594				6.99015436757327	0.0489310805730129	622.7734375
595.001				12.0040153431323	0.0840281074019259	621.997395833333
596.001				11.0130504648008	0.0770913532536055	622.385416666667
597				14.430504577023	0.101013532039161	621.997395833333
598				7.77722041031504	0.0544405428722053	622.385416666667
599				5.00428717282096	0.0350300102097467	622.7734375
600.001				6.99557739597027	0.0489690417717919	622.7734375
601				8.00557588360293	0.0560390311852205	622.7734375
602.001				9.99208737702932	0.0699446116392053	622.7734375
603.001				8.98596661593589	0.0629017663115513	622.7734375
604.001				10.0198834567315	0.0701391841971208	622.7734375
605.001				7.77006986846826	0.0543904890792778	622.7734375
606				14.0149609708364	0.0981047267958546	622.385416666667
607				12.2180314374392	0.0855262200620743	621.609375
608				8.99646978525627	0.0629752884967939	621.997395833333
609.001				13.017262191392	0.091120835339744	621.997395833333
610				9.98979597839673	0.0699285718487771	622.385416666667
611.001				3.99718158726282	0.0279802711108397	622.7734375
612				11.9969599703435	0.0839787197924046	622.7734375
613				13.018072990733	0.0911265109351312	622.7734375
614.001				6.65436570197957	0.046580559913857	622.7734375
615				7.01503181016282	0.0491052226711397	622.7734375
616.001				12.216568665723	0.0855159806600612	621.997395833333
617				9.98567499446072	0.0698997249612251	621.609375
618.001				10.0149964556928	0.0701049751898493	621.609375
619.001				7.77140695105723	0.0543998486574006	621.609375
620.001				7.00196265013083	0.0490137385509158	621.997395833333
621				11.1046568377868	0.0777325978645079	622.7734375
622.001				11.0082661070198	0.0770578627491383	622.7734375
623				9.98380958878352	0.0698866671214847	622.7734375
624				8.02082446656254	0.0561457712659377	622.385416666667
625				12.2158143489399	0.085510700442579	621.997395833333
626				8.99343748866452	0.0629540624206516	623.9375
627				8.00433274531504	0.0560303292172053	621.609375
628.001				11.9901800425452	0.0839312602978161	622.385416666667
629				12.9974395044176	0.0909820765309234	622.385416666667
630				14.0140575010793	0.0980984025075553	622.385416666667
631				16.0000816004162	0.112000571202913	622.7734375
632				13.0019034786693	0.0910133243506849	622.7734375
633.001				13.3109413719587	0.0931765896037111	622.7734375
634				7.01063302711222	0.0490744311897855	621.997395833333
635.001				9.99956668544363	0.0699969667981054	622.7734375
636				9.99594608853076	0.0699716226197153	621.609375
637.001				9.99261545717714	0.06994830820024	621.609375
638				8.01859672953514	0.056130177106746	622.385416666667
639.001				11.0973208404134	0.077681245882894	622.385416666667
640				12.2099891697396	0.0854699241881772	622.7734375
641.001				6.99670734952132	0.0489769514466492	622.7734375
642				7.0047821647839	0.0490334751534873	622.7734375
643				10.004304852378	0.0700301339666458	622.7734375
644.001				10.9814654825585	0.0768702583779098	622.385416666667
645				9.00270621348777	0.0630189434944144	622.385416666667
646				12.0178055807484	0.0841246390652391	621.609375
647.001				14.0106144415009	0.0980743010905062	622.7734375
648.001				11.1111024691425	0.0777777172839977	621.609375
649				11.0886381378185	0.0776204669647293	622.7734375
650				13.3310537231467	0.0933173760620267	622.7734375
651.001				11.012629283262	0.0770884049828343	622.7734375
652.001				7.77747272801411	0.0544423090960988	622.7734375
653				7.77692750037107	0.0544384925025975	622.385416666667
654.001				9.9924257412881	0.0699469801890167	621.997395833333
655				10.0103917877148	0.0700727425140038	621.997395833333
656				5.99380480335525	0.0419566336234868	622.385416666667
657.001				8.99352016871844	0.0629546411810291	621.997395833333
658				10.0343203860163	0.070240242702114	622.7734375
659.001				7.76929802061594	0.0543850861443116	622.7734375
660				5.54771847858481	0.0388340293500937	623.161458333333
661				7.77440800381968	0.0544208560267377	622.7734375
662				11.0186479598072	0.0771305357186502	622.7734375
663				8.00778436718334	0.0560544905702834	622.7734375
664.001				4.43945646846565	0.0310761952792596	622.385416666667
665				12.2141351076548	0.0854989457535838	621.609375
666.001				8.8747829144898	0.0621234804014286	621.609375
667				5.00776453891759	0.0350543517724231	622.385416666667
668.001				11.011369238739	0.077079584671173	622.385416666667
669				6.66461692670521	0.0466523184869365	621.609375
670				8.88374322739507	0.0621862025917655	622.7734375
671.001				10.0093547429428	0.0700654832005993	622.7734375
672				1.11046543715193	0.00777325806006352	622.7734375
673				14.9891763157824	0.104924234210477	622.7734375
674.001				12.9954892656759	0.0909684248597312	622.7734375
675.001				14.4369324272715	0.1010585269909	622.7734375
676				8.00380100509732	0.0560266070356812	621.609375
677				9.00239193553727	0.0630167435487609	622.385416666667
678.001				7.9986370322497	0.0559904592257479	622.7734375
679.001				5.55281924962532	0.0388697347473773	622.385416666667
680				13.0233626101864	0.0911635382713049	622.7734375
681				12.2101477427877	0.0854710341995138	622.7734375
682				15.5489282568008	0.108842497797605	622.7734375
683				6.99370776112731	0.0489559543278912	622.7734375
684.001				10.009155374421	0.0700640876209469	622.7734375
685				10.0124354448225	0.0700870481137573	623.161458333333
686.001				11.1049022368827	0.0777343156581787	621.997395833333
687				11.9943075016597	0.083960152511618	622.7734375
688				9.98919391200808	0.0699243573840565	621.997395833333
689				14.0397662338808	0.0982783636371659	622.385416666667
690.001				9.99777493964399	0.0699844245775079	621.609375
691.001				6.00901472388878	0.0420631030672214	621.997395833333
692.001				13.332428209596	0.0933269974671719	622.385416666667
693.001				15.0160551661837	0.105112386163286	622.7734375
694.001				8.87311741563357	0.062111821909435	622.7734375
695.001				13.0015055743455	0.0910105390204186	623.161458333333
696.001				13.0273417849382	0.0911913924945676	622.7734375
697				16.6583485979334	0.116608440185534	622.7734375
698				12.1969136264473	0.0853783953851314	622.7734375
699				12.0080994630879	0.084056696241615	621.997395833333
700.001				11.9981330904911	0.0839869316334378	622.385416666667
701.001				12.9986104485431	0.0909902731398013	622.7734375
702.001				8.00922582723039	0.0560645807906127	621.997395833333
703.001				9.9932534435641	0.0699527741049487	622.385416666667
704.001				11.0940521569112	0.0776583650983782	621.997395833333
705.001				10.0198834567315	0.0701391841971208	621.997395833333
706.001				12.2110897787073	0.0854776284509511	622.385416666667
707.001				9.99444863902817	0.0699611404731972	622.7734375
708				11.9964094746442	0.0839748663225097	622.7734375
709				11.0269763950529	0.07718883476537	622.7734375
710.001				8.8688049872838	0.0620816349109866	622.385416666667
711				7.00664720620453	0.0490465304434317	622.385416666667
712.001				18.8558136965747	0.131990695876023	622.7734375
713				13.0382189311529	0.0912675325180702	622.7734375
714.001				7.77186338973819	0.0544030437281673	622.7734375
715.001				6.65759827807878	0.0466031879465515	622.7734375
716.001				12.2093711807561	0.0854655982652925	622.385416666667
717				9.01003447539525	0.0630702413277667	622.7734375
718				8.99494484099936	0.0629646138869955	621.997395833333
719.001				14.996204460651	0.104973431224557	622.385416666667
720.001				5.00516883785886	0.035036181865012	622.385416666667
721				8.00144346040026	0.0560101042228018	621.609375
722.001				11.1072124795308	0.0777504873567156	621.997395833333
723				6.99707941905049	0.0489795559333534	621.609375
724				11.1095940343258	0.0777671582402803	622.385416666667
725.001				9.99887901456381	0.0699921531019467	621.997395833333
726				15.0147189289661	0.105103032502762	622.385416666667
727.001				7.77609641293116	0.0544326748905181	622.385416666667
728				10.9879231736399	0.076915462215479	622.7734375
729.001				11.1016081345479	0.0777112569418356	622.7734375
729.999				5.00907795197236	0.0350635456638065	622.7734375
731.001				3.9986804354563	0.0279907630481941	623.161458333333
732				13.3115231421939	0.0931806619953574	623.161458333333
733.001				10.0118269712011	0.0700827887984076	622.385416666667
734				6.66204542782157	0.046634317994751	623.161458333333
735.001				11.0069585992264	0.077048710194585	622.7734375
736.001				6.65785462618809	0.0466049823833167	621.997395833333
737				10.0221127896591	0.0701547895276137	621.997395833333
738				11.0965942998571	0.0776761600989994	621.609375
739.001				13.3176244554201	0.093223371187941	621.609375
740.001				14.0128539909659	0.0980899779367614	621.609375
741.001				9.00750415170879	0.0630525290619615	621.609375
742				8.87743798027633	0.0621420658619343	621.609375
743				10.9933556158658	0.0769534893110604	622.385416666667
744.001				9.01446731859962	0.0631012712301973	622.7734375
745				6.65855654479511	0.0466098958135657	624.713541666667
746.001				5.99052299262567	0.0419336609483797	622.7734375
747.001				5.01333496968587	0.0350933447878011	622.7734375
748				5.55297465633473	0.0388708225943431	622.7734375
749				10.9815202976431	0.0768706420835019	622.7734375
750.001				8.00667276107908	0.0560467093275536	622.385416666667
751				12.2084443145663	0.0854591102019643	622.7734375
752.001				13.0195214704929	0.09113665029345	622.7734375
753.001				11.1059493126695	0.0777416451886862	622.385416666667
754.001				9.00116835165204	0.0630081784615643	622.7734375
755				9.01969721477763	0.0631378805034434	621.997395833333
756				4.4316487971508	0.0310215415800556	622.385416666667
757.001				7.00908587802368	0.0490636011461658	622.7734375
758				14.4308233506263	0.101015763454384	621.609375
759.001				13.3309233986256	0.0933164637903792	621.609375
760				13.0077786516337	0.0910544505614357	621.997395833333
761.001				12.9961973126663	0.0909733811886642	621.609375
762				4.99953354352039	0.0349967348046427	622.385416666667
763.001				4.99740434818156	0.0349818304372709	621.997395833333
764.001				9.02322216456272	0.063162555151939	622.7734375
765				11.0978270121775	0.0776847890852427	622.7734375
766.001				4.44045987178616	0.0310832191025031	622.7734375
767.001				5.00646585064611	0.0350452609545228	622.7734375
768.001				14.4210183013815	0.100947128109671	622.7734375
769				13.3156471948259	0.0932095303637813	622.7734375
770.001				10.0226963959887	0.070158874771921	621.997395833333
771				11.0948448358213	0.0776639138507488	621.609375
772				12.0032804965597	0.084022963475918	621.997395833333
773				11.0066480154013	0.0770465361078091	622.385416666667
774				8.00053923634453	0.0560037746544117	621.997395833333
775				7.77103856044841	0.0543972699231389	621.997395833333
776				10.9985954793573	0.076990168355501	622.7734375
777.001				7.77081599007467	0.0543957119305227	622.7734375
778				9.99340213383564	0.0699538149368495	622.7734375
779				13.3103478415385	0.0931724348907697	622.7734375
780.001				9.00989286236288	0.0630692500365401	622.7734375
781				11.0167476597924	0.0771172336185469	622.7734375
782.001				7.75331606559084	0.0542732124591359	621.609375
783				5.00544843061673	0.0350381390143171	621.997395833333
784				15.0173375161624	0.105121362613137	621.609375
785.001				8.99107456028401	0.0629375219219881	622.385416666667
786.001				9.99544207841224	0.0699680945488857	621.997395833333
787				6.00140252777074	0.0420098176943952	621.997395833333
788				7.76935407144121	0.0543854785000885	622.7734375
789.001				11.0249560906067	0.0771746926342469	621.997395833333
790				9.99409792994471	0.0699586855096129	622.385416666667
791				15.9841549072405	0.111889084350683	622.7734375
792.001				11.1076627989044	0.077753639592331	622.7734375
793				8.00812905180048	0.0560569033626034	622.7734375
794.001				11.0916526551364	0.0776415685859552	622.7734375
795.001				13.0238818922258	0.0911671732455804	622.7734375
796.001				12.2188796798031	0.085532157758622	622.7734375
797.001				13.3266122785409	0.093286285949786	622.7734375
798.001				17.990065885618	0.125930461199326	622.7734375
799				7.00243334558759	0.0490170334191131	622.7734375
800.001				8.99917207616899	0.0629942045331829	622.7734375
801.001				12.9959894376595	0.0909719260636168	621.609375
802.001				4.99759216009727	0.0349831451206809	621.609375
803				9.02768339111887	0.0631937837378321	621.609375
804.001				14.4322363760521	0.101025654632365	621.997395833333
805				9.99639352335885	0.0699747546635119	622.385416666667
806.001				17.7690847466512	0.124383593226558	622.7734375
807.001				13.3098990377609	0.0931692932643259	622.7734375
808				12.0230240911345	0.0841611686379417	622.7734375
808.999				15.9975587725313	0.111982911407719	622.7734375
810				21.1089556521951	0.147762689565365	622.7734375
811				9.99084239386179	0.0699358967570325	622.7734375
812				11.0138774856319	0.0770971423994233	622.7734375
813				9.99613549401801	0.0699729484581261	621.609375
814.001				9.99757614320617	0.0699830330024432	621.609375
815				18.9898897826797	0.132929228478758	621.997395833333
816				8.02007102975907	0.0561404972083135	621.609375
817				6.64811915290995	0.0465368340703697	622.7734375
818				13.0089501577085	0.0910626511039595	622.385416666667
819				7.7733849515707	0.0544136946609949	622.7734375
820				11.0957348882748	0.0776701442179238	622.385416666667
820.999				9.01052790079929	0.0630736953055951	623.161458333333
822				6.99722000449222	0.0489805400314455	622.7734375
823				11.0041617739829	0.0770291324178804	622.7734375
824				17.7576583508662	0.124303608456064	621.997395833333
825				7.99996880012168	0.0559997816008517	622.7734375
826.001				12.2132319264986	0.0854926234854899	621.997395833333
827				10.0106032309422	0.0700742226165955	622.385416666667
828				12.9946552982758	0.0909625870879307	621.609375
829				7.0052287027037	0.0490366009189259	621.997395833333
830.001				12.1975411752952	0.0853827882270663	622.385416666667
831.001				10.0194939273851	0.0701364574916958	621.609375
832.001				9.00132679556967	0.0630092875689877	622.7734375
833				9.97526577433112	0.0698268604203178	622.385416666667
834				14.0351440005774	0.0982460080040421	622.385416666667
835.001				11.9924519507422	0.0839471636551954	621.609375
836.001				4.44258793630795	0.0310981155541556	622.7734375
836.999				13.0002873063495	0.0910020111444463	622.385416666667
838.001				8.01690846163644	0.0561183592314551	621.997395833333
839.001				13.3172608791479	0.093220826154035	622.7734375
840				13.3133544261245	0.0931934809828717	622.7734375
841.001				8.8813397501013	0.0621693782507091	622.7734375
842				9.02256453163717	0.0631579517214602	623.161458333333
842.999				7.76355838927901	0.0543449087249531	622.7734375
844.001				12.0180017648436	0.0841260123539049	622.385416666667
845.001				18.8626572202479	0.132038600541736	621.997395833333
846.001				5.9960180444167	0.0419721263109169	622.7734375
847				9.00149154714936	0.0630104408300455	622.385416666667
848.001				9.9964179502345	0.0699749256516415	621.997395833333
849				11.1041586739858	0.0777291107179005	621.997395833333
850.001				12.0178729806969	0.0841251108648782	622.385416666667
851.001				14.4362590855429	0.101053813598801	622.385416666667
852				13.9983873857732	0.0979887117004121	622.7734375
853				9.00125657541793	0.0630087960279255	622.7734375
854				14.0049493491	0.0980346454436998	623.161458333333
855.001				12.9756550759465	0.0908295855316256	622.7734375
856				6.00825474118892	0.0420577831883224	622.7734375
857.001				8.88267989564184	0.0621787592694928	622.7734375
858.001				6.00938726384485	0.042065710846914	622.7734375
859				8.88741259090851	0.0622118881363596	622.7734375
860				8.8765130571288	0.0621355913999016	622.7734375
861				7.00319275557727	0.0490223492890409	622.7734375
862				6.99500137201955	0.0489650096041369	622.385416666667
863.001				6.00273184326187	0.0420191229028331	622.385416666667
864.001				11.0024128291334	0.077016889803934	622.385416666667
865.001				10.0202710082497	0.0701418970577478	622.7734375
866.001				18.8564976163169	0.131995483314218	621.609375
867.001				7.77258051227524	0.0544080635859266	621.997395833333
868.001				2.99901182560346	0.0209930827792242	621.997395833333
869				7.99727213047629	0.0559809049133341	621.997395833333
870				11.0144046383861	0.0771008324687026	621.997395833333
871				12.2133661747049	0.0854935632229341	621.997395833333
872.001				12.2158089225379	0.0855106624577652	621.609375
873.001				7.77500296560827	0.0544250207592579	622.7734375
874.001				7.99019602947184	0.0559313722063029	622.7734375
875				12.035369544016	0.0842475868081117	622.7734375
876.001				13.3315839332639	0.0933210875328471	621.997395833333
877.001				13.3238171670278	0.0932667201691947	622.7734375
878.001				6.65296599203374	0.0465707619442362	622.7734375
879.001				6.00865787513228	0.042060605125926	622.7734375
880.001				10.9985558896117	0.0769898912272819	622.7734375
881				8.99158118253879	0.0629410682777715	622.7734375
882				7.99903931537822	0.0559932752076476	622.7734375
883				12.0171268091284	0.0841198876638986	622.7734375
884.001				12.0149369696407	0.0841045587874846	622.7734375
885				8.8752880030957	0.0621270160216699	621.997395833333
886.001				5.99727723613479	0.0419809406529436	622.7734375
887.001				10.0077590155648	0.0700543131089534	622.7734375
888				9.99453077066161	0.0699617153946313	622.7734375
889				13.331946810865	0.093323627676055	621.609375
890				12.0011809162022	0.0840082664134151	622.385416666667
891				6.99322356636419	0.0489525649645494	622.385416666667
892				6.66620966095991	0.0466634676267194	622.385416666667
893.001				9.98993680365978	0.0699295576256184	622.385416666667
894.001				17.0279854941597	0.119195898459118	622.385416666667
895.001				5.55441319790785	0.038880892385355	622.7734375
896.001				13.3144800296114	0.0932013602072798	622.385416666667
897.001				11.0251594137823	0.0771761158964758	622.7734375
898				6.65797800536966	0.0466058460375876	622.7734375
899				3.99900744635182	0.0279930521244627	622.7734375
