MIN=0	0	0	0	0	0	0
MAX=1200	215.443469003188	511	824.634374726391	1000	100	2000
SCALE=1200	5	100	500	500	50	500
DEC=0	0	0	1	0	0	0
DEF="Time" t / s	"Events" N	"Channel" n	"Energy" E / keV	"Rate" R / 1/s	"Dead time" t / %	"Voltage" U / V
0	0	0	-24.9262917846498			622.7734375
1.001	0	1	-23.2637464490117	7.40648414409294	0.0518453890086506	621.609375
2.001	0	2	-21.6012011133737	7.01294660071959	0.0490906262050371	621.609375
3.001	0	3	-19.9386557777357	11.0986066809173	0.0776902467664209	622.385416666667
4.001	8	4	-18.2761104420976	6.99979840580591	0.0489985888406414	621.609375
5.001	15	5	-16.6135651064596	7.77123784939208	0.0543986649457446	621.997395833333
6.001	12	6	-14.9510197708215	6.00585029877604	0.0420409520914323	622.385416666667
7	6	7	-13.2884744351835	11.0943032416999	0.0776601226918995	621.609375
8.001	14	8	-11.6259290995454	8.00060484572634	0.0560042339200844	621.997395833333
9	6	9	-9.96338376390739	9.01236676968136	0.0630865673877695	621.609375
10.001	13	10	-8.30083842826934	7.77614651504218	0.0544330256052952	622.385416666667
11	11	11	-6.63829309263129	15.0138232270451	0.105096762589316	622.385416666667
12.001	13	12	-4.97574775699325	12.2107658103886	0.0854753606727199	622.7734375
13.001	14	13	-3.3132024213552	6.99830151222298	0.0489881105855609	622.7734375
14.001	9	14	-1.65065708571716	11.1081254938256	0.0777568784567792	623.161458333333
15	10	15	0.0118882499208794	8.00508162581607	0.0560355713807125	622.7734375
16.001	19	16	1.67443358555892	6.66328689947821	0.0466430082963475	622.7734375
17	12	17	3.33697892119698	4.44431407789816	0.0311101985452871	622.7734375
18	10	18	4.99952425683502	7.00622362844915	0.0490435653991441	622.7734375
19	13	19	6.66206959247306	9.99977667165433	0.0699984367015803	622.7734375
20	10	20	8.3246149281111	7.7639949613891	0.0543479647297237	622.385416666667
21	11	21	9.98716026374915	15.9897873228369	0.111928511259858	621.997395833333
22.001	14	22	11.6497055993872	10.0119332232087	0.0700835325624612	621.609375
23.004	16	23	13.3122509350252	8.98628154259707	0.0629039707981795	621.997395833333
24	17	24	14.9747962706633	9.02233026741184	0.0631563118718829	621.609375
25.001	17	25	16.6373416063013	11.1014996793887	0.0777104977557208	621.997395833333
26	25	26	18.2998869419394	7.76934199888743	0.054385393992212	622.385416666667
27	23	27	19.9624322775774	11.9999964000011	0.0839999748000076	622.385416666667
28	23	28	21.6249776132155	13.0055468657382	0.0910388280601677	621.609375
29	18	29	23.2875229488535	10.0065282590362	0.0700456978132534	622.385416666667
30.001	24	30	24.9500682844916	5.99588682164036	0.0419712077514825	622.7734375
31.001	13	31	26.6126136201296	15.0031761723957	0.10502223320677	622.385416666667
32.001	26	32	28.2751589557676	17.7700991205023	0.124390693843516	622.7734375
33.001	21	33	29.9377042914057	8.0022886545552	0.0560160205818864	622.7734375
34.001	18	34	31.6002496270437	13.0004901184775	0.0910034308293423	622.7734375
35.001	28	35	33.2627949626818	4.44202551477246	0.0310941786034072	622.7734375
36.001	33	36	34.9253402983198	13.3157919966764	0.0932105439767346	622.7734375
37.001	21	37	36.5878856339579	14.0294253166592	0.0982059772166141	622.7734375
38	35	38	38.2504309695959	7.99371773723031	0.0559560241606122	622.7734375
39.001	35	39	39.912976305234	7.98875502842199	0.0559212851989539	622.7734375
40.001	49	40	41.575521640872	8.00896844286232	0.0560627791000362	622.7734375
41.001	34	41	43.23806697651	8.99695722906513	0.0629787006034559	622.7734375
42	26	42	44.9006123121481	13.0136343847449	0.0910954406932143	622.7734375
43.001	28	43	46.5631576477861	10.9951950997414	0.0769663656981899	622.7734375
44	27	44	48.2257029834242	9.00561319870675	0.0630392923909473	622.385416666667
45	34	45	49.8882483190622	6.9928435239376	0.0489499046675632	622.7734375
46.001	33	46	51.5507936547003	7.00202218400674	0.0490141552880472	621.609375
47	37	47	53.2133389903383	11.0996353214815	0.0776974472503706	622.385416666667
48.001	38	48	54.8758843259764	8.02375512943621	0.0561662859060535	622.385416666667
49.001	40	49	56.5384296616144	6.65386610691388	0.0465770627483971	622.385416666667
50.002	49	50	58.2009749972525	9.99124212121175	0.0699386948484823	621.609375
51.001	37	51	59.8635203328905	11.1038196029052	0.0777267372203364	621.609375
52.001	45	52	61.5260656685285	9.00618634940341	0.0630433044458238	621.609375
53.001	57	53	63.1886110041666	14.0036339430082	0.0980254376010575	621.609375
54.001	62	54	64.8511563398046	7.00057054649954	0.0490039938254968	621.609375
55	68	55	66.5137016754427	13.3244917927793	0.093271442549455	622.385416666667
56.001	62	56	68.1762470110807	6.66320550158668	0.0466424385111067	622.7734375
57.001	68	57	69.8387923467188	12.9968391687142	0.0909778741809992	622.385416666667
58	80	58	71.5013376823568	10.9976014231296	0.0769832099619073	622.7734375
59.001	101	59	73.1638830179949	13.0046660741874	0.0910326625193119	622.7734375
60	94	60	74.8264283536329	9.99687297813244	0.0699781108469271	622.7734375
61	130	61	76.4889736892709	9.00917133642048	0.0630641993549433	622.7734375
62	130	62	78.151519024909	4.99969951805896	0.0349978966264127	622.7734375
63.001	109	63	79.814064360547	6.99527469194559	0.0489669228436191	622.7734375
64.001	128	64	81.4766096961851	12.001183316675	0.0840082832167252	622.7734375
65.001	90	65	83.1391550318231	13.0139639833541	0.091097747883479	622.7734375
66	90	66	84.8017003674612	19.0192113053395	0.133134479137377	622.7734375
67.001	91	67	86.4642457030992	11.0988234803158	0.0776917643622105	622.7734375
68.001	75	68	88.1267910387373	11.1066807795557	0.07774676545689	622.7734375
69.001	67	69	89.7893363743753	8.87260863788378	0.0621082604651864	622.385416666667
70	86	70	91.4518817100133	15.0188651965734	0.105132056376014	623.9375
71	97	71	93.1144270456514	9.99367600182604	0.0699557320127823	622.7734375
72.001	96	72	94.7769723812894	12.0114180540021	0.0840799263780149	622.7734375
73	74	73	96.4395177169275	10.9997140074358	0.0769979980520506	622.7734375
74	56	74	98.1020630525655	4.4438771094668	0.0311071397662676	622.7734375
75	73	75	99.7646083882036	11.1030293394219	0.0777212053759536	622.385416666667
76	60	76	101.427153723842	16.0092501447336	0.112064751013135	621.609375
77	54	77	103.08969905948	7.77289898817953	0.0544102929172567	621.609375
78	70	78	104.752244395118	13.3191987036868	0.0932343909258075	621.997395833333
79	53	79	106.414789730756	9.99824586330909	0.0699877210431636	621.997395833333
80.001	61	80	108.077335066394	7.00453613760271	0.049031752963219	621.997395833333
81	72	81	109.739880402032	10.9997327064952	0.0769981289454666	621.609375
82	65	82	111.40242573767	9.99528322584572	0.06996698258092	621.609375
83	49	83	113.064971073308	8.00081688340379	0.0560057181838266	621.997395833333
84.001	52	84	114.727516408946	8.00331977704352	0.0560232384393046	621.997395833333
85.001	67	85	116.390061744584	6.65584647890746	0.0465909253523522	622.385416666667
86	61	86	118.052607080222	8.028930645796	0.056202514520572	622.7734375
87.001	69	87	119.71515241586	9.99065651601164	0.0699345956120814	622.7734375
88	65	88	121.377697751498	6.65423064894275	0.0465796145425993	622.7734375
89	50	89	123.040243087136	8.88885234582925	0.0622219664208047	622.7734375
90	64	90	124.702788422774	14.0196387099048	0.0981374709693339	621.997395833333
91	63	91	126.365333758412	8.87630524681732	0.0621341367277212	622.7734375
92	64	92	128.02787909405	12.9987287243308	0.0909911010703153	622.7734375
93.001	63	93	129.690424429688	11.0152726755647	0.0771069087289527	622.7734375
94	52	94	131.352969765326	11.0886381378185	0.0776204669647293	621.997395833333
95.001	67	95	133.015515100964	11.0043191952841	0.077030234366989	621.997395833333
96	67	96	134.678060436603	11.0075434695397	0.0770528042867777	621.609375
97.001	65	97	136.340605772241	9.99264652245353	0.0699485256571747	622.385416666667
98.001	42	98	138.003151107879	11.1041438777247	0.077729007144073	621.609375
99.001	44	99	139.665696443517	15.0340445939831	0.105238312157882	621.997395833333
100	43	100	141.328241779155	6.65241792662538	0.0465669254863777	621.997395833333
101	62	101	142.990787114793	9.98817954440806	0.0699172568108564	622.7734375
102	57	102	144.653332450431	4.44176457981462	0.0310923520587024	622.7734375
103.001	71	103	146.315877786069	12.2170381257109	0.0855192668799761	622.7734375
104	49	104	147.978423121707	4.00098704350363	0.0280069093045254	622.385416666667
105	47	105	149.640968457345	8.88586670689002	0.0622010669482302	622.7734375
106	55	106	151.303513792983	16.0195053497138	0.112136537447997	622.7734375
107.001	53	107	152.966059128621	16.6622696788348	0.116635887751843	622.7734375
108	63	108	154.628604464259	12.0068595188431	0.0840480166319018	622.7734375
109.001	53	109	156.291149799897	9.99789944132738	0.0699852960892916	622.385416666667
110.001	48	110	157.953695135535	2.22216049554179	0.0155551234687925	622.385416666667
111.001	47	111	159.616240471173	9.99314969588347	0.0699520478711843	621.609375
112.001	48	112	161.278785806811	5.55526976778861	0.0388868883745203	621.609375
113	57	113	162.941331142449	11.0134992460259	0.077094494722181	621.997395833333
114.001	47	114	164.603876478087	13.3211134319451	0.0932477940236157	622.7734375
115.001	41	115	166.266421813725	6.99482942209119	0.0489638059546383	621.609375
116	37	116	167.928967149363	15.0085653882671	0.10505995771787	622.7734375
117	46	117	169.591512485001	12.0098048046425	0.0840686336324976	622.7734375
118	43	118	171.254057820639	13.0080493809569	0.0910563456666985	622.7734375
119.001	61	119	172.916603156278	6.6666170374065	0.0466663192618455	622.7734375
120.001	47	120	174.579148491916	17.755922210417	0.124291455472919	622.7734375
121.001	42	121	176.241693827554	17.0188040766243	0.11913162853637	622.7734375
122	59	122	177.904239163192	7.00674679649034	0.0490472275754324	622.7734375
123	39	123	179.56678449883	8.88513639961612	0.0621959547973128	621.997395833333
124	40	124	181.229329834468	7.76790132279592	0.0543753092595714	621.997395833333
125	48	125	182.891875170106	11.1020789531006	0.0777145526717042	622.7734375
126.001	42	126	184.554420505744	14.4385743618233	0.101070020532763	621.997395833333
127.001	48	127	186.216965841382	13.0179074334655	0.0911253520342583	622.385416666667
128.001	55	128	187.87951117702	15.0276102282724	0.105193271597907	621.609375
129	42	129	189.542056512658	7.7505569605593	0.0542538987239151	622.385416666667
130.001	41	130	191.204601848296	11.0233618106854	0.0771635326747977	623.161458333333
131.001	41	131	192.867147183934	3.33052754890269	0.0233136928423188	622.385416666667
132.001	61	132	194.529692519572	6.99956042760515	0.048996922993236	622.7734375
133.002	30	133	196.19223785521	14.4247018358651	0.100972912851056	622.7734375
134	37	134	197.854783190848	9.01682900966364	0.0631178030676454	623.161458333333
135	39	135	199.517328526486	14.4443641979767	0.101110549385837	622.385416666667
136.001	50	136	201.179873862124	3.33208084116826	0.0233245658881778	622.385416666667
137	48	137	202.842419197762	9.00097030459884	0.0630067921321918	622.385416666667
138.001	40	138	204.5049645334	12.9911049904131	0.0909377349328915	621.609375
139.001	46	139	206.167509869038	5.55216811609717	0.0388651768126802	622.7734375
140.001	45	140	207.830055204676	4.00426213661822	0.0280298349563275	622.7734375
141	35	141	209.492600540315	17.0191618743543	0.11913413312048	623.161458333333
142	42	142	211.155145875953	10.986540389369	0.0769057827255829	622.7734375
143	47	143	212.817691211591	7.99843230726778	0.0559890261508744	622.385416666667
144.001	54	144	214.480236547229	5.99580233878262	0.0419706163714783	622.7734375
144.999	41	145	216.142781882867	10.0294092367048	0.0702058646569335	622.385416666667
146.001	28	146	217.805327218505	9.98752003884923	0.0699126402719446	622.7734375
147	41	147	219.467872554143	8.99334492475568	0.0629534144732898	621.997395833333
148	31	148	221.130417889781	8.01772478418039	0.0561240734892627	622.7734375
149	35	149	222.792963225419	11.0787267618167	0.0775510873327168	622.7734375
150.001	35	150	224.455508561057	10.0140116050378	0.0700980812352644	622.7734375
151.001	31	151	226.118053896695	11.1060899244553	0.0777426294711868	622.7734375
151.999	32	152	227.780599232333	5.55199795864139	0.0388639857104897	622.385416666667
153	44	153	229.443144567971	13.0082277040228	0.0910575939281596	621.609375
154.001	45	154	231.105689903609	9.99319019605862	0.0699523313724103	621.997395833333
155	30	155	232.768235239247	11.0101767063297	0.0770712369443076	622.385416666667
156	29	156	234.430780574885	12.2100691334114	0.08547048393388	622.385416666667
157.001	37	157	236.093325910523	4.99880478577572	0.03499163350043	622.7734375
158	34	158	237.755871246161	9.00112874154419	0.0630079011908093	622.7734375
159	36	159	239.418416581799	13.3226426527513	0.0932584985692592	622.7734375
160.001	27	160	241.080961917437	8.0056463823935	0.0560395246767545	621.609375
161	23	161	242.743507253075	12.2066153863055	0.0854463077041387	621.997395833333
162.001	29	162	244.406052588713	16.0225790183527	0.112158053128469	621.997395833333
163	41	163	246.068597924352	8.88242149910182	0.0621769504937127	621.997395833333
164.001	24	164	247.73114325999	9.99444086988948	0.0699610860892264	622.7734375
165.001	22	165	249.393688595628	10.0019313729481	0.0700135196106368	622.7734375
166.001	28	166	251.056233931266	7.77705105556247	0.0544393573889373	622.7734375
167.001	27	167	252.718779266904	7.76895569697521	0.0543826898788265	622.7734375
168.001	25	168	254.381324602542	11.9974985215583	0.0839824896509078	621.997395833333
169	40	169	256.04386993818	6.01214874897706	0.0420850412428394	621.997395833333
170.001	24	170	257.706415273818	8.88557950416689	0.0621990565291682	621.609375
171	35	171	259.368960609456	9.01219530268359	0.0630853671187851	621.997395833333
172.001	39	172	261.031505945094	17.7701978011824	0.124391384608277	622.7734375
173.001	30	173	262.694051280732	8.88098481240585	0.0621668936868409	622.7734375
174.001	32	174	264.35659661637	15.5360646992756	0.108752452894929	623.161458333333
175	29	175	266.019141952008	12.0076488723317	0.0840535421063217	621.997395833333
176	31	176	267.681687287646	11.0092929441742	0.0770650506092192	622.385416666667
177	24	177	269.344232623284	4.99265380918516	0.0349485766642962	621.997395833333
178	23	178	271.006777958922	8.00462347051657	0.056032364293616	621.609375
179.001	27	179	272.66932329456	10.9985811830274	0.0769900682811917	621.997395833333
180.001	32	180	274.331868630198	8.88421875123199	0.0621895312586239	622.7734375
180.999	38	181	275.994413965836	16.0209072840056	0.112146350988039	622.7734375
182.001	20	182	277.656959301474	13.3211651889979	0.0932481563229854	622.7734375
182.999	18	183	279.319504637112	10.0159905288794	0.0701119337021555	621.997395833333
184.001	33	184	280.98204997275	5.55073320189937	0.0388551324132956	622.7734375
185	25	185	282.644595308388	11.1072112458292	0.0777504787208047	622.385416666667
186.001	36	186	284.307140644027	5.5487786472344	0.0388414505306408	621.609375
187	27	187	285.969685979665	16.034599458712	0.112242196210984	622.385416666667
188	25	188	287.632231315303	5.55397514107375	0.0388778259875162	622.385416666667
189	26	189	289.294776650941	9.00262606602346	0.0630183824621642	622.7734375
190.001	20	190	290.957321986579	13.9994232237632	0.0979959625663423	622.7734375
191.001	19	191	292.619867322217	8.9942427851932	0.0629596994963524	622.7734375
192	35	192	294.282412657855	10.9983238554444	0.076988266988111	622.7734375
193.001	16	193	295.944957993493	5.5526916006211	0.0388688412043477	621.997395833333
194	23	194	297.607503329131	11.0215316642593	0.0771507216498151	621.997395833333
195.001	21	195	299.270048664769	7.76016479042511	0.0543211535329758	622.7734375
196	29	196	300.932594000407	7.00086530695194	0.0490060571486636	621.997395833333
197.001	25	197	302.595139336045	7.00527637416502	0.0490369346191551	622.385416666667
198.001	23	198	304.257684671683	9.00955102504165	0.0630668571752915	622.7734375
199.001	27	199	305.920230007321	14.4164381106748	0.100915066774723	622.7734375
200.001	24	200	307.582775342959	5.99352639214385	0.0419546847450069	622.7734375
201	27	201	309.245320678597	10.0301295060231	0.070210906542162	621.997395833333
202.001	22	202	310.907866014235	4.43351877633995	0.0310346314343797	621.997395833333
203.001	22	203	312.570411349873	12.0074434141724	0.0840521038992071	621.997395833333
204	21	204	314.232956685511	15.5538688248919	0.108877081774243	621.997395833333
205	26	205	315.895502021149	12.0315672229228	0.0842209705604595	622.7734375
206	24	206	317.558047356787	12.200544565761	0.0854038119603269	622.7734375
207	18	207	319.220592692425	6.66283701601291	0.0466398591120903	622.7734375
208	19	208	320.883138028064	8.88236528505176	0.0621765569953623	622.7734375
209	24	209	322.545683363702	7.00397125169971	0.049027798761898	623.161458333333
210.001	23	210	324.20822869934	7.77316569946276	0.0544121598962393	622.7734375
211	18	211	325.870774034978	11.0063837025475	0.0770446859178323	622.7734375
212	20	212	327.533319370616	11.0922764257402	0.0776459349801814	621.997395833333
213	21	213	329.195864706254	6.00705949632008	0.0420494164742405	621.997395833333
214	22	214	330.858410041892	11.9961480368654	0.0839730362580575	621.997395833333
215	17	215	332.52095537753	8.88398591577293	0.0621879014104105	622.385416666667
216	22	216	334.183500713168	9.99849722586695	0.0699894805810687	622.7734375
217	16	217	335.846046048806	9.01754363113437	0.0631228054179406	623.161458333333
218.001	25	218	337.508591384444	7.76705665058109	0.0543693965540676	622.385416666667
219.001	15	219	339.171136720082	11.0006017329148	0.0770042121304035	622.385416666667
220	20	220	340.83368205572	8.99495652787482	0.0629646956951237	622.7734375
221.001	24	221	342.496227391358	10.0094629462694	0.0700662406238858	622.385416666667
222	15	222	344.158772726996	8.88685873538223	0.0622080111476756	622.7734375
223.001	19	223	345.821318062634	14.4424417591872	0.10109709231431	622.7734375
224.001	10	224	347.483863398272	10.0049964952497	0.0700349754667481	622.385416666667
225	12	225	349.14640873391	13.0170849239627	0.0911195944677389	621.997395833333
226	15	226	350.808954069548	13.3307767865852	0.0933154375060961	622.385416666667
227	17	227	352.471499405186	7.77761099123097	0.0544432769386168	621.609375
228.001	13	228	354.134044740824	12.2128780135554	0.0854901460948879	622.385416666667
229.001	14	229	355.796590076463	7.76741173529415	0.0543718821470591	622.7734375
230	15	230	357.459135412101	8.02455352888769	0.0561718747022138	621.997395833333
231.001	23	231	359.121680747739	8.87881143790687	0.062151680065348	622.7734375
232	13	232	360.784226083377	8.98512871346634	0.0628959009942644	622.7734375
233	17	233	362.446771419015	15.0217003483232	0.105151902438262	622.7734375
234	9	234	364.109316754653	7.76926266589596	0.0543848386612717	622.7734375
235	20	235	365.771862090291	10.0089059244916	0.0700623414714413	622.7734375
236	21	236	367.434407425929	9.99337883133653	0.0699536518193557	622.7734375
237	15	237	369.096952761567	11.1076516947	0.0777535618628998	621.997395833333
238.001	11	238	370.759498097205	15.5423583663738	0.108796508564617	621.609375
239.001	17	239	372.422043432843	13.002272797285	0.0910159095809948	621.997395833333
240	11	240	374.084588768481	17.0153580621869	0.119107506435308	621.609375
241.001	23	241	375.747134104119	1.99992720264982	0.0139994904185488	621.997395833333
242	12	242	377.409679439757	9.00811360792666	0.0630567952554866	622.7734375
243.001	21	243	379.072224775395	12.2096151163027	0.0854673058141188	622.385416666667
244	11	244	380.734770111033	6.002902403312	0.042020316823184	622.7734375
245.001	29	245	382.397315446671	12.2182852192071	0.08552799653445	622.7734375
246	18	246	384.059860782309	13.3282893162876	0.0932980252140135	622.7734375
247	17	247	385.722406117947	5.01012496153477	0.0350708747307434	622.7734375
248.001	20	248	387.384951453585	12.210391709366	0.0854727419655622	622.385416666667
249.001	18	249	389.047496789223	9.00028260887392	0.0630019782621174	621.609375
250.001	21	250	390.710042124861	10.9949917812436	0.0769649424687055	622.385416666667
251	10	251	392.372587460499	14.4363857331196	0.101054700131838	621.609375
252	11	252	394.035132796137	12.0211981808722	0.084148387266105	622.385416666667
253.001	13	253	395.697678131776	6.65809769493329	0.046606683864533	622.385416666667
254.001	15	254	397.360223467414	9.99104025712053	0.0699372817998437	622.385416666667
255	11	255	399.022768803052	8.00854672106072	0.056059827047425	622.7734375
256	15	256	400.68531413869	12.9931435181655	0.0909520046271582	622.7734375
257	11	257	402.347859474328	8.87722027601497	0.0621405419321048	622.7734375
258.001	14	258	404.010404809966	16.0171046660729	0.11211973266251	622.7734375
259.001	14	259	405.672950145604	8.99374664795568	0.0629562265356897	623.549479166667
260	4	260	407.335495481242	11.0155936744055	0.0771091557208384	622.7734375
261.001	12	261	408.99804081688	12.2108240963074	0.0854757686741521	623.161458333333
262	15	262	410.660586152518	8.99518847368543	0.062966319315798	621.997395833333
263	16	263	412.323131488156	6.0106207668951	0.0420743453682657	622.385416666667
264.001	13	264	413.985676823794	11.0915025669619	0.0776405179687333	621.609375
265	11	265	415.648222159432	14.9893755306239	0.104925628714367	621.997395833333
266.001	11	266	417.31076749507	5.00313095935436	0.0350219167154805	622.385416666667
267.001	13	267	418.973312830708	5.00197878280648	0.0350138514796453	621.997395833333
268.001	11	268	420.635858166346	6.99467705076437	0.0489627393553506	621.609375
269	12	269	422.298403501984	12.0037511722413	0.0840262582056893	622.385416666667
270.001	20	270	423.960948837622	12.0091641931958	0.0840641493523708	621.997395833333
271.001	14	271	425.62349417326	8.88425130970522	0.0621897591679366	621.609375
272	12	272	427.286039508898	10.0106884120175	0.0700748188841226	621.997395833333
273	13	273	428.948584844536	9.98593758078901	0.0699015630655231	621.609375
274	17	274	430.611130180174	11.0099166319104	0.0770694164233725	622.7734375
275.001	15	275	432.273675515812	6.65896003025831	0.0466127202118082	622.7734375
276.001	8	276	433.936220851451	10.0062428949422	0.0700437002645951	622.7734375
277	15	277	435.598766187089	8.88793096744018	0.0622155167720812	621.997395833333
278	15	278	437.261311522727	7.01165758189566	0.0490816030732696	622.7734375
279	15	279	438.923856858365	9.99678436769506	0.0699774905738654	622.7734375
280	15	280	440.586402194003	8.86719578701794	0.0620703705091256	622.7734375
281	13	281	442.248947529641	11.0005346259828	0.0770037423818798	622.7734375
282.001	12	282	443.911492865279	10.0121948533314	0.0700853639733195	622.7734375
283.001	13	283	445.574038200917	12.0019863287374	0.0840139043011618	622.7734375
284.001	8	284	447.236583536555	7.77252355185672	0.0544076648629971	623.161458333333
285.001	11	285	448.899128872193	15.5554518525432	0.108888162967802	622.7734375
286	12	286	450.561674207831	6.99808952156061	0.0489866266509243	622.7734375
287	10	287	452.224219543469	9.99563390710938	0.0699694373497656	622.385416666667
288	10	288	453.886764879107	10.0110752525519	0.0700775267678633	622.385416666667
289.001	16	289	455.549310214745	12.992518907613	0.090947632353291	622.7734375
290	8	290	457.211855550383	4.9959103477893	0.0349713724345251	622.7734375
291	11	291	458.874400886021	14.0167247559788	0.0981170732918518	621.997395833333
292.001	14	292	460.536946221659	15.0008490480561	0.105005943336393	622.7734375
293	13	293	462.199491557297	5.00765018719097	0.0350535513103368	622.7734375
294	8	294	463.862036892935	13.3150222188885	0.0932051555322197	622.7734375
295.001	11	295	465.524582228573	9.99336218676084	0.0699535353073259	622.385416666667
296	11	296	467.187127564211	12.9944695537579	0.0909612868763054	622.7734375
297.001	7	297	468.84967289985	7.77445376687834	0.0544211763681484	622.385416666667
298	13	298	470.512218235488	5.0076100650158	0.0350532704551106	622.385416666667
299.001	15	299	472.174763571126	8.97513707527408	0.0628259595269185	621.609375
300	18	300	473.837308906764	8.02656471859265	0.0561859530301486	621.609375
301.001	14	301	475.499854242402	8.86171493236628	0.062032004526564	621.609375
302.002	9	302	477.16239957804	9.01349410202013	0.0630944587141409	621.609375
303.001	13	303	478.824944913678	8.99764531622074	0.0629835172135452	621.609375
304	16	304	480.487490249316	4.4437082701077	0.0311059578907539	621.609375
305	13	305	482.150035584954	9.00298268816459	0.0630208788171521	622.7734375
306	9	306	483.812580920592	5.99235734743908	0.0419465014320735	622.7734375
307.001	9	307	485.47512625623	7.01190902629025	0.0490833631840318	622.7734375
308.001	14	308	487.137671591868	9.98679191287345	0.0699075433901142	622.7734375
309	17	309	488.800216927506	10.0037824301368	0.0700264770109578	622.7734375
310	6	310	490.462762263144	6.00581783573748	0.0420407248501624	622.7734375
311.001	12	311	492.125307598782	16.0031350141493	0.112021945099045	622.7734375
312	6	312	493.78785293442	9.98059661123258	0.0698641762786281	622.7734375
313.001	11	313	495.450398270058	11.9929553380344	0.0839506873662411	622.7734375
314.001	11	314	497.112943605696	18.0188711637698	0.126132098146389	622.7734375
315.001	10	315	498.775488941334	12.9909920461152	0.0909369443228066	622.7734375
316.001	12	316	500.438034276972	13.0026200279356	0.0910183401955494	622.7734375
317	6	317	502.10057961261	11.0965499716483	0.0776758498015382	622.7734375
318	15	318	503.763124948249	11.0184868171819	0.0771294077202731	622.385416666667
319.001	13	319	505.425670283887	12.0131411751315	0.0840919882259203	622.7734375
320	18	320	507.088215619525	13.3102282559952	0.0931715977919662	623.161458333333
321.001	19	321	508.750760955163	14.0232084099184	0.0981624588694289	622.385416666667
322	12	322	510.413306290801	7.98602605161488	0.0559021823613042	622.385416666667
323	13	323	512.075851626439	14.0078570069952	0.0980549990489666	622.385416666667
324.002	8	324	513.738396962077	4.44126203346069	0.0310888342342248	622.7734375
325	15	325	515.400942297715	9.01131731341392	0.0630792211938974	622.7734375
326	19	326	517.063487633353	12.1983216440144	0.0853882515081007	623.161458333333
327	24	327	518.726032968991	10.0051436443476	0.0700360055104329	622.7734375
328.001	8	328	520.388578304629	9.99321127847149	0.0699524789493004	622.7734375
329	11	329	522.051123640267	15.5550577937062	0.108885404555943	622.385416666667
330	14	330	523.713668975905	7.76767462231902	0.0543737223562331	622.7734375
331.001	15	331	525.376214311543	15.0064422656647	0.105045095859653	622.7734375
332.002	13	332	527.038759647181	12.0126096363353	0.0840882674543468	622.7734375
333	12	333	528.701304982819	6.99735150245632	0.0489814605171942	622.7734375
334.001	13	334	530.363850318457	10.008061493533	0.0700564304547313	622.7734375
335.001	6	335	532.026395654095	8.87076591412633	0.0620953613988843	622.7734375
336.001	11	336	533.688940989733	10.007063986468	0.0700494479052763	622.7734375
337	10	337	535.351486325371	10.017319946187	0.0701212396233087	622.7734375
338.001	14	338	537.014031661009	8.88224990054656	0.0621757493038259	622.7734375
339	11	339	538.676576996647	12.9865628034673	0.0909059396242708	622.7734375
340.001	12	340	540.339122332285	10.998636169115	0.0769904531838052	622.7734375
341.001	11	341	542.001667667924	8.88327663211886	0.062182936424832	622.7734375
342	11	342	543.664213003562	11.0112788529291	0.0770789519705034	622.7734375
343.001	7	343	545.3267583392	7.76719195816013	0.0543703437071209	622.7734375
344.001	12	344	546.989303674838	15.0201841234251	0.105141288863975	622.7734375
344.999	13	345	548.651849010476	6.00107599292553	0.0420075319504787	622.7734375
346.001	6	346	550.314394346114	10.9863911572735	0.0769047381009144	622.7734375
347.001	16	347	551.976939681752	8.88112777000988	0.0621678943900691	622.7734375
348	16	348	553.63948501739	12.0080706242666	0.084056494369866	622.7734375
349	10	349	555.302030353028	11.1037505582411	0.0777262539076874	622.7734375
350	5	350	556.964575688666	11.0075115258653	0.0770525806810567	622.7734375
351.001	6	351	558.627121024304	6.00746367286717	0.0420522457100702	622.7734375
352	13	352	560.289666359942	13.9921084508337	0.0979447591558361	622.7734375
353.001	10	353	561.95221169558	9.01840204938176	0.0631288143456723	622.7734375
354.001	14	354	563.614757031218	15.5486260512121	0.108840382358484	622.7734375
355	7	355	565.277302366856	9.98111130136834	0.0698677791095784	622.7734375
356	14	356	566.939847702494	6.99047198668215	0.0489333039067751	622.7734375
357.001	15	357	568.602393038132	16.0178983996718	0.112125288797703	622.7734375
358.001	12	358	570.26493837377	10.0155581680583	0.0701089071764078	622.7734375
359.001	12	359	571.927483709408	9.97281510330989	0.0698097057231692	621.609375
360.001	15	360	573.590029045046	12.2028833638424	0.0854201835468967	622.385416666667
361.001	14	361	575.252574380684	16.030595995517	0.112214171968619	622.385416666667
362.001	11	362	576.915119716322	5.55030127035296	0.0388521088924707	621.997395833333
363	8	363	578.57766505196	12.99226700268	0.09094586901876	622.385416666667
364	14	364	580.240210387598	9.00834262610604	0.0630583983827423	622.385416666667
365	17	365	581.902755723237	11.9964010796761	0.0839748075577327	621.997395833333
366.001	11	366	583.565301058875	6.00514580944411	0.0420360206661088	621.997395833333
367.001	13	367	585.227846394513	14.4096962624462	0.100867873837124	621.609375
368	11	368	586.890391730151	11.0133966957407	0.0770937768701849	622.7734375
369.001	8	369	588.552937065789	11.0089017979939	0.077062312585957	622.7734375
370.001	9	370	590.215482401427	8.8828012091269	0.0621796084638883	622.7734375
371.001	8	371	591.878027737065	5.99360542237487	0.0419552379566241	622.7734375
372.001	4	372	593.540573072703	10.0109359464279	0.0700765516249951	622.7734375
373.001	13	373	595.203118408341	12.2193710356472	0.0855355972495307	622.7734375
374.001	7	374	596.865663743979	3.00176954314568	0.0210123868020198	622.7734375
375	12	375	598.528209079617	6.00628738163109	0.0420440116714176	622.7734375
376	12	376	600.190754415255	12.2171548178961	0.0855200837252726	622.7734375
377.001	6	377	601.853299750893	11.100867477289	0.0777060723410231	622.7734375
378.001	12	378	603.515845086531	13.3200029703607	0.0932400207925246	623.161458333333
379	11	379	605.178390422169	16.6562139670571	0.1165934977694	622.7734375
380.001	3	380	606.840935757807	8.8882499224778	0.0622177494573446	622.7734375
381	7	381	608.503481093445	13.0097221653742	0.0910680551576193	622.7734375
382	12	382	610.166026429083	12.0070793739989	0.0840495556179924	621.997395833333
383	11	383	611.828571764721	4.99859639413253	0.0349901747589277	622.7734375
384	8	384	613.491117100359	4.43838457004481	0.0310686919903137	622.7734375
385	9	385	615.153662435997	7.00793438330878	0.0490555406831615	622.7734375
386	7	386	616.816207771636	11.0865691425525	0.0776059839978678	622.385416666667
387	7	387	618.478753107274	14.0157929955474	0.0981105509688317	622.385416666667
388.001	6	388	620.141298442912	5.00498997500508	0.0350349298250356	621.609375
389	13	389	621.80384377855	5.54901388474254	0.0388430971931978	622.7734375
390	9	390	623.466389114188	9.98199359266922	0.0698739551486846	621.997395833333
391.001	10	391	625.128934449826	9.02044393413232	0.0631431075389262	621.997395833333
392	7	392	626.791479785464	13.3175313425326	0.093222719397728	621.609375
393.001	8	393	628.454025121102	8.002556816903	0.056017897718321	621.997395833333
394.001	6	394	630.11657045674	12.2122488856323	0.085485742199426	621.997395833333
395.001	9	395	631.779115792378	2.22064531730856	0.01554451722116	622.385416666667
396.001	10	396	633.441661128016	7.00314931624752	0.0490220452137326	621.997395833333
397.001	9	397	635.104206463654	7.0106583038193	0.0490746081267351	622.7734375
398	8	398	636.766751799292	8.88502883747172	0.062195201862302	622.385416666667
399.001	13	399	638.42929713493	7.77115675222488	0.0543980972655742	622.385416666667
400	7	400	640.091842470568	4.00350587009044	0.0280245410906331	622.7734375
401.001	6	401	641.754387806206	4.99788489511239	0.0349851942657867	622.7734375
402	8	402	643.416933141844	10.0011421304313	0.0700079949130191	622.7734375
403.001	8	403	645.079478477482	9.99483489143555	0.0699638442400488	622.7734375
404.001	5	404	646.74202381312	14.4283264007075	0.100998284804952	622.385416666667
405	5	405	648.404569148758	12.2151713538685	0.0855061994770796	622.7734375
406.001	11	406	650.067114484396	9.01493504288555	0.0631045453001988	623.161458333333
406.999	3	407	651.729659820034	4.00243388004245	0.0280170371602972	622.7734375
408.001	11	408	653.392205155673	9.99956401900877	0.0699969481330614	621.609375
409	3	409	655.054750491311	9.98760238915434	0.0699132167240804	622.7734375
410.001	6	410	656.717295826949	8.00127940457679	0.0560089558320375	622.7734375
411.001	9	411	658.379841162587	7.77566970732379	0.0544296879512665	622.7734375
412.001	5	412	660.042386498225	14.0283259958508	0.0981982819709558	623.161458333333
413	6	413	661.704931833863	11.991343449164	0.0839394041441483	622.7734375
414.001	4	414	663.367477169501	6.65466239511282	0.0465826367657897	622.7734375
415	5	415	665.030022505139	8.00479006637572	0.05603353046463	622.385416666667
416.001	6	416	666.692567840777	3.99971242067695	0.0279979869447387	621.609375
417.001	9	417	668.355113176415	6.00158381796956	0.0420110867257869	621.997395833333
418.001	5	418	670.017658512053	12.219847498525	0.0855389324896751	621.997395833333
419.001	8	419	671.680203847691	11.0183245756017	0.0771282720292118	621.997395833333
420	8	420	673.342749183329	8.884697286147	0.062192881003029	621.609375
421	13	421	675.005294518967	6.66058259449896	0.0466240781614927	622.385416666667
422.001	13	422	676.667839854605	9.99943892037169	0.0699960724426018	621.609375
423	9	423	678.330385190243	7.99817721541261	0.0559872405078882	621.609375
424	5	424	679.992930525881	7.77399702389183	0.0544179791672428	622.7734375
425	13	425	681.655475861519	8.88755180609495	0.0622128626426647	622.385416666667
426.001	3	426	683.318021197157	7.00166919793679	0.0490116843855575	622.7734375
427	7	427	684.980566532795	15.5395877658157	0.10877711436071	622.385416666667
428.001	9	428	686.643111868433	8.00705902323488	0.0560494131626442	622.7734375
429.001	7	429	688.305657204072	15.5457254751468	0.108820078326027	622.385416666667
430.001	6	430	689.96820253971	11.9919318282659	0.0839435227978616	622.7734375
431	4	431	691.630747875348	8.99368373591227	0.0629557861513859	622.7734375
432	7	432	693.293293210986	13.031725736305	0.0912220801541352	622.7734375
433	15	433	694.955838546624	9.99000111888013	0.0699300078321609	623.549479166667
434	9	434	696.618383882262	7.77522491226492	0.0544265743858544	621.997395833333
435.001	9	435	698.2809292179	8.87892180588835	0.0621524526412184	622.7734375
436.001	9	436	699.943474553538	8.00266728900743	0.056018671023052	622.385416666667
437.001	4	437	701.606019889176	14.0299131778866	0.098209392245206	621.997395833333
438	7	438	703.268565224814	9.97195222238251	0.0698036655566776	622.7734375
439	6	439	704.931110560452	8.88114058712332	0.0621679841098633	621.609375
440	3	440	706.59365589609	9.01169898762574	0.0630818929133801	622.385416666667
441	7	441	708.256201231728	11.0991092742825	0.0776937649199776	621.609375
442	11	442	709.918746567366	6.0054818037905	0.0420383726265335	621.609375
443.001	3	443	711.581291903004	7.00575803252693	0.0490403062276885	621.609375
444.001	6	444	713.243837238642	8.88122537819033	0.0621685776473323	621.609375
445	5	445	714.90638257428	8.88054413758094	0.0621638089630666	622.7734375
446	5	446	716.568927909918	11.0246710087835	0.0771726970614842	622.7734375
447.001	9	447	718.231473245556	6.65725995834552	0.0466008197084187	622.7734375
448.001	10	448	719.894018581194	10.9877881722254	0.0769145172055777	622.7734375
449	2	449	721.556563916832	12.0173530578155	0.0841214714047084	622.7734375
450	10	450	723.21910925247	9.98484743929712	0.0698939320750798	623.161458333333
451.001	5	451	724.881654588108	6.00120984390453	0.0420084689073317	622.7734375
452	7	452	726.544199923746	12.2164221364679	0.0855149549552751	622.7734375
453	5	453	728.206745259384	12.0229144726935	0.0841604013088545	622.385416666667
454.001	4	454	729.869290595023	6.65458637420203	0.0465821046194142	622.7734375
455	13	455	731.531835930661	11.0051724310426	0.0770362070172981	622.385416666667
456.001	9	456	733.194381266299	11.9998536017861	0.0839989752125024	622.7734375
457	8	457	734.856926601937	8.99965801299551	0.0629976060909685	621.609375
458.001	12	458	736.519471937575	9.00734368730826	0.0630514058111578	621.609375
459.001	6	459	738.182017273213	8.88361005038339	0.0621852703526838	621.609375
460.001	12	460	739.844562608851	8.88797046527414	0.062215793256919	622.7734375
461.001	10	461	741.507107944489	15.010218957066	0.105071532699462	622.385416666667
462	6	462	743.169653280127	9.99118111746698	0.0699382678222689	622.7734375
463.001	3	463	744.832198615765	8.00148747652189	0.0560104123356532	623.161458333333
463.999	3	464	746.494743951403	11.0060313051552	0.0770422191360866	622.7734375
465.002	6	465	748.157289287041	5.99126952205247	0.0419388866543672	622.7734375
466	7	466	749.819834622679	8.00511606968013	0.0560358124877609	621.997395833333
467.001	11	467	751.482379958317	8.88700385662641	0.0622090269963849	622.7734375
468.001	11	468	753.144925293955	7.00756326302979	0.0490529428412085	622.7734375
469.001	7	469	754.807470629593	13.3264909206062	0.0932854364442435	621.997395833333
470.001	8	470	756.470015965231	9.00839672658885	0.063058777086122	621.609375
471.001	8	471	758.132561300869	13.003287231012	0.091023010617084	622.385416666667
472.001	8	472	759.795106636507	9.989289262069	0.069925024834483	622.7734375
473.001	7	473	761.457651972145	7.98844391702962	0.0559191074192074	622.7734375
474	9	474	763.120197307783	6.00248322731114	0.042017382591178	622.7734375
475.001	4	475	764.782742643421	8.99543841318068	0.0629680688922647	621.997395833333
476.001	4	476	766.44528797906	10.0063810692078	0.0700446674844548	622.7734375
477	3	477	768.107833314698	10.9981699045279	0.0769871893316952	622.7734375
478	5	478	769.770378650336	7.00614649231771	0.049043025446224	621.997395833333
479	7	479	771.432923985974	5.99152977435799	0.0419407084205059	621.997395833333
480.001	5	480	773.095469321612	7.75110707955116	0.0542577495568581	621.997395833333
481	8	481	774.75801465725	10.0231685541128	0.0701621798787898	622.7734375
482.001	10	482	776.420559992888	7.76770565278134	0.0543739395694694	622.385416666667
483	5	483	778.083105328526	6.00355350331861	0.0420248745232303	622.7734375
484	7	484	779.745650664164	5.9914878931502	0.0419404152520514	622.7734375
485.001	6	485	781.408195999802	7.01348342187856	0.0490943839531499	622.7734375
486	5	486	783.07074133544	8.88267989564184	0.0621787592694928	622.7734375
487	6	487	784.733286671078	11.0134904244209	0.0770944329709461	622.385416666667
488.001	8	488	786.395832006716	4.44347477950367	0.0311043234565257	621.997395833333
489	7	489	788.058377342354	9.99267314998703	0.0699487120499092	622.385416666667
490.001	11	490	789.720922677992	12.995711415233	0.0909699799066308	621.609375
491.001	13	491	791.38346801363	3.99733737357546	0.0279813616150282	621.997395833333
492	5	492	793.046013349268	12.0234674036785	0.0841642718257495	621.997395833333
493.001	9	493	794.708558684906	5.99016415046494	0.0419311490532546	622.7734375
494	3	494	796.371104020544	6.00250664677569	0.0420175465274299	622.7734375
495	12	495	798.033649356182	13.0066229724176	0.0910463608069229	622.7734375
496.001	5	496	799.69619469182	9.99119076710065	0.0699383353697045	622.7734375
497.001	7	497	801.358740027458	9.01484835672837	0.0631039384970986	622.7734375
498.001	6	498	803.021285363096	6.64790922147	0.04653536455029	622.7734375
499.001	8	499	804.683830698734	13.0308714375226	0.0912161000626584	621.609375
500.001	5	500	806.346376034373	15.5237594464848	0.108666316125394	621.997395833333
501	8	501	808.008921370011	11.0005907317223	0.077004135122056	621.609375
502.001	8	502	809.671466705649	6.99750119232422	0.0489825083462695	622.7734375
503.001	7	503	811.334012041287	15.0327262450354	0.105229083715248	622.7734375
504.001	8	504	812.996557376925	5.54702915540712	0.0388292040878499	622.7734375
505.001	9	505	814.659102712563	10.9966075465719	0.0769762528260032	622.7734375
506.001	2	506	816.321648048201	15.0153396710079	0.105107377697055	622.7734375
506.999	9	507	817.984193383839	5.99401018562151	0.0419580712993506	622.7734375
508	1	508	819.646738719477	7.99944083908535	0.0559960858735974	622.7734375
509.001	7	509	821.309284055115	8.88161287425313	0.0621712901197719	622.385416666667
510.001	10	510	822.971829390753	9.02173154695029	0.0631521208286521	621.609375
511.001	131	511	824.634374726391	7.77746667911061	0.0544422667537743	621.997395833333
512.001				11.0971484323502	0.0776800390264516	621.609375
513				9.01248138547074	0.0630873696982952	622.385416666667
514.001				8.86694222167444	0.0620685955517211	621.997395833333
515				13.0272242933282	0.0911905700532974	622.7734375
516.001				9.97943017675456	0.0698560112372819	622.7734375
517.001				12.0184555403277	0.0841291887822941	622.7734375
518.001				3.00435541404374	0.0210304878983062	622.7734375
519.001				14.4276394506266	0.100993476154386	622.385416666667
520.001				7.77513855019213	0.0544259698513449	622.7734375
521				14.9892467144071	0.10492472700085	622.7734375
522.001				9.99407551203647	0.0699585285842552	622.385416666667
523				5.01313994109962	0.0350919795876973	622.385416666667
524				12.1943797434059	0.085360658203841	621.609375
525.001				13.3285587473998	0.0932999112317987	621.609375
526				10.9997558054211	0.0769982906379478	622.385416666667
527.001				8.88295211589143	0.06218066481124	622.385416666667
528				10.0252304975933	0.070176613483153	622.7734375
528.999				14.4250203531489	0.100975142472042	622.7734375
530.001				5.99502832301173	0.0419651982610821	622.7734375
531.001				11.0196955017703	0.0771378685123922	622.7734375
532				14.4313503991823	0.101019452794276	622.7734375
533.001				9.00277015237589	0.0630193910666312	622.7734375
534				11.0049302087335	0.0770345114611346	622.7734375
535.001				11.10412661547	0.0777288863082899	622.385416666667
536				11.0104092408963	0.0770728646862744	621.609375
537.001				12.2087695147469	0.0854613866032284	621.609375
538.001				13.014108595128	0.0910987601658959	621.609375
539.001				7.7639760164126	0.0543478321148882	622.385416666667
540				9.01042415971037	0.0630729691179726	621.997395833333
541				9.99926005475595	0.0699948203832916	622.385416666667
542.001				7.77570339290596	0.0544299237503417	621.609375
543				14.430970728108	0.101016795096756	622.7734375
544.001				15.998368166447	0.111988577165129	622.7734375
545.001				8.00608302188003	0.0560425811531602	622.7734375
546.001				9.99258993941604	0.0699481295759123	622.7734375
547				5.00679321703688	0.0350475525192581	622.7734375
548.001				11.1094101369812	0.0777658709588687	622.7734375
549				9.99338238218652	0.0699536766753056	623.161458333333
550				12.2084131504587	0.0854588920532109	622.7734375
551.001				4.99823962000583	0.0349876773400408	622.385416666667
552				8.88429965454511	0.0621900975818158	622.7734375
553				7.00134005648681	0.0490093803954077	622.385416666667
554				12.208625882531	0.0854603811777173	621.997395833333
555.001				9.00424279920699	0.0630296995944489	621.997395833333
556				5.55393565765541	0.0388775496035878	622.385416666667
557.001				9.00545370276239	0.0630381759193367	622.385416666667
558				6.66315370396385	0.046642075927747	621.609375
559				8.00879445719344	0.0560615612003541	622.7734375
560.001				8.8773631124479	0.0621415417871353	622.385416666667
561.001				6.99539143612188	0.0489677400528532	622.385416666667
562				6.00396381691193	0.0420277467183835	622.385416666667
563.001				8.87870895580945	0.0621509626906661	622.7734375
564.001				11.0114133299165	0.0770798933094152	622.7734375
565.001				7.77159072804817	0.0544011350963372	622.7734375
566				5.55522471106165	0.0388865729774316	622.7734375
567				12.0161966314395	0.0841133764200766	622.7734375
568.001				7.7774891465139	0.0544424240255973	622.7734375
569				17.0010336628467	0.119007235639927	622.7734375
570				11.9910067449413	0.083937047214589	622.7734375
571.001				7.77580013261072	0.054430600928275	622.385416666667
572.001				13.0139001467467	0.0910973010272272	622.7734375
573				5.55041895117285	0.03885293265821	622.7734375
574.001				14.011604410773	0.098081230875411	622.7734375
575.001				12.9760034767704	0.0908320243373929	621.997395833333
576.001				14.0294871761468	0.0982064102330278	621.609375
577.001				14.9823418119404	0.104876392683583	621.997395833333
578.001				11.0212555935377	0.0771487891547639	621.997395833333
579.001				7.76268453148706	0.0543387917204094	622.7734375
580.001				10.9996843090603	0.0769977901634223	621.997395833333
581.001				9.9990345376652	0.0699932417636564	622.385416666667
582				10.0115292771155	0.0700807049398087	622.7734375
583.001				7.99310275163561	0.0559517192614493	622.7734375
583.999				8.88374322739507	0.0621862025917655	622.7734375
585.001				5.00157949880572	0.0350110564916401	622.7734375
586				9.01004620151469	0.0630703234106028	622.7734375
587.001				13.3240583082998	0.0932684081580988	622.7734375
588				5.54853850386101	0.038839769527027	622.7734375
589.001				10.0194156235954	0.0701359093651678	622.7734375
590				11.9923656600208	0.0839465596201458	622.7734375
590.999				10.008780703311	0.0700614649231771	623.9375
592.001				12.2150085810435	0.0855050600673047	622.7734375
593.001				8.87777391594612	0.0621444174116229	622.7734375
594.001				9.00155096723165	0.0630108567706216	622.7734375
595.001				7.01115966283534	0.0490781176398473	622.7734375
596.001				12.2124861568694	0.0854874030980857	623.161458333333
597				11.0066160769238	0.0770463125384669	622.7734375
598.001				13.3136188224393	0.0931953317570748	621.997395833333
599				12.0166731339734	0.0841167119378137	622.7734375
600.001				7.77554965082784	0.0544288475557948	621.609375
601.001				9.98905499244478	0.0699233849471134	622.385416666667
601.999				12.0352621144692	0.0842468348012843	621.997395833333
603.001				8.88004337901191	0.0621603036530833	621.997395833333
604				7.77746927149667	0.0544422849004767	621.997395833333
605.001				12.2091150589223	0.0854638054124561	621.609375
606.001				4.44268366082021	0.0310987856257414	621.997395833333
607.001				16.0076196269424	0.112053337388597	621.997395833333
608				5.00501602706232	0.0350351121894363	621.609375
609				6.65975162456316	0.0466182613719421	622.7734375
610				9.991631453567	0.069941420174969	622.385416666667
611				10.0158571049686	0.0701109997347801	622.385416666667
612				9.98724296165698	0.0699107007315988	622.385416666667
613				6.99672273507089	0.0489770591454963	621.997395833333
614				10.9917188390267	0.0769420318731867	622.7734375
615.001				7.75383565634557	0.054276849594419	622.7734375
616.001				13.0182646252693	0.0911278523768848	622.7734375
617.001				10.9888243656202	0.0769217705593411	622.7734375
618				10.0015192307712	0.0700106346153981	622.7734375
619				12.0058036054629	0.0840406252382402	622.7734375
620.001				8.88494101343192	0.0621945870940235	622.7734375
621.001				9.99951113501118	0.0699965779450782	622.7734375
622.001				10.0094970107638	0.0700664790753467	622.7734375
623				12.9967508122969	0.0909772556860785	622.7734375
624.001				11.1062502755738	0.0777437519290168	623.161458333333
625				11.9922997443342	0.0839460982103391	622.7734375
626.001				16.0055667361108	0.112038967152776	622.7734375
627.001				8.00533074974626	0.0560373152482238	621.997395833333
628.001				10.0035572649634	0.0700249008547439	622.7734375
629				9.99186551126655	0.0699430585788658	622.385416666667
630				6.00884863049326	0.0420619404134528	622.7734375
631.001				11.096400982209	0.0776748068754632	622.7734375
632				5.997036264678	0.041979253852746	622.7734375
633				8.99579086945218	0.0629705360861653	622.385416666667
634				11.015375260789	0.0771076268255231	622.7734375
635				12.2096327342474	0.0854674291397315	622.7734375
636				6.66155577304302	0.0466308904113011	622.385416666667
637.001				8.01398761398144	0.0560979132978701	622.7734375
638				5.54682239185638	0.0388277567429946	622.7734375
639.001				9.01889006524165	0.0631322304566915	622.385416666667
640.001				6.65450592678025	0.0465815414874617	622.7734375
641				12.995485368383	0.0909683975786812	622.7734375
642.001				13.3127592035819	0.0931893144250735	622.7734375
643.001				9.0128396914244	0.0630898778399708	622.7734375
644.001				6.65573277676617	0.0465901294373632	622.7734375
645				8.99785671053155	0.0629849969737209	622.7734375
646.001				11.1010449302582	0.0777073145118077	622.7734375
647				7.01005943528964	0.0490704160470275	622.7734375
648.001				16.6620531292891	0.116634371905024	621.997395833333
649.001				10.9989210058493	0.0769924470409453	622.385416666667
650				9.00916863091568	0.0630641804164098	622.7734375
651				7.76287994861417	0.0543401596402992	622.7734375
652.001				9.01087342095707	0.0630761139466995	621.997395833333
653.001				16.6481797879111	0.116537258515377	622.385416666667
654.001				10.0210231043707	0.0701471617305946	622.7734375
655				13.3097868415454	0.093168507890818	622.385416666667
656.001				5.9980314460794	0.0419862201225558	622.385416666667
657.001				4.00707569426093	0.0280495298598265	621.609375
658.001				11.1020789531006	0.0777145526717042	622.385416666667
659				14.9771478677833	0.104840035074483	621.609375
660.001				10.0061948352225	0.0700433638465574	621.609375
661.001				7.00315211876866	0.0490220648313806	621.609375
662.001				3.33161977023151	0.0233213383916206	622.7734375
663.001				11.9940006008994	0.083958004206296	621.997395833333
664				11.1015378849417	0.0777107651945916	621.997395833333
665.001				9.0129254363683	0.0630904780545781	621.997395833333
666.001				6.65386536901506	0.0465770575831054	622.385416666667
667.001				13.0044436183844	0.0910311053286908	621.609375
668				14.0183163321195	0.0981282143248368	621.609375
669.001				6.99831760444789	0.0489882232311352	622.7734375
670.001				8.88730003713781	0.0622111002599646	621.997395833333
671				8.88747479289962	0.0622123235502973	621.609375
672				5.55154610559041	0.0388608227391328	622.385416666667
673.001				9.98947708483883	0.0699263395938718	621.997395833333
674				10.0306204751244	0.0702143433258709	621.609375
675				11.0852959203118	0.0775970714421826	622.7734375
676				14.0204249550746	0.0981429746855219	622.385416666667
677.001				14.4229110382643	0.10096037726785	621.997395833333
678				8.00631217651997	0.0560441852356398	622.385416666667
679				12.2128414030423	0.0854898898212961	622.385416666667
680				7.77185130938486	0.054402959165694	622.385416666667
681.001				9.99687875230067	0.0699781512661047	622.7734375
682				13.0074246379834	0.0910519724658835	622.7734375
683.001				7.77056755448361	0.0543939728813853	622.7734375
684				11.1097976861402	0.0777685838029815	622.7734375
685				9.00583307808468	0.0630408315465927	622.7734375
686				9.98892893709472	0.069922502559663	622.7734375
687				4.00321898838856	0.0280225329187199	622.7734375
688				8.87978907837002	0.0621585235485902	622.7734375
689.001				6.66476720801238	0.0466533704560867	622.7734375
690				13.3295877191842	0.0933071140342897	622.7734375
691				7.00586881630742	0.0490410817141519	622.385416666667
692.001				11.0007293483558	0.0770051054384906	623.161458333333
693.001				8.01878239400147	0.0561314767580103	621.997395833333
694.001				14.4372162115279	0.101060513480695	622.385416666667
695				8.87765471005635	0.0621435829703945	622.7734375
696.001				11.9899284600935	0.0839294992206546	622.385416666667
697.001				12.2210082687342	0.0855470578811394	622.385416666667
698				12.0022624264674	0.0840158369852717	622.7734375
699.001				13.0261003973662	0.0911827027815634	621.997395833333
700.001				11.9720823012816	0.0838045761089715	622.385416666667
701				12.0077209645802	0.0840540467520616	621.609375
702				6.99914750383403	0.0489940325268382	621.609375
703				5.99674676488005	0.0419772273541604	622.7734375
704				9.98970560837057	0.069927939258594	621.997395833333
705.001				6.01140423497417	0.0420798296448192	621.609375
706.001				8.99483696358291	0.0629638587450803	622.385416666667
707.001				11.012221363269	0.0770855495428827	621.609375
708				11.9950040808003	0.0839650285656024	621.997395833333
709				9.99355715370301	0.069954900075921	621.997395833333
710.001				9.99406574585046	0.0699584602209533	621.997395833333
711				12.0071214237164	0.0840498499660148	622.7734375
712.001				9.99802705599429	0.06998618939196	621.997395833333
713				12.2032732507024	0.0854229127549167	622.7734375
714				12.9927279701551	0.0909490957910857	622.7734375
715				8.02055347032305	0.0561438742922614	623.161458333333
716.001				9.98756991437656	0.0699129894006359	622.7734375
717				7.77308456205442	0.0544115919343809	622.7734375
718				8.88886814819654	0.0622220770373758	622.7734375
719.001				7.00280322212982	0.0490196225549087	622.7734375
720.001				8.88191165384526	0.0621733815769168	622.7734375
721				12.2037944925385	0.0854265614477694	622.7734375
722.001				6.00203589057408	0.0420142512340186	622.7734375
723.001				8.02479662156062	0.0561735763509243	623.161458333333
724.001				8.85780586391177	0.0620046410473824	622.7734375
725				8.01572123405636	0.0561100486383945	622.7734375
726				13.3117357815686	0.0931821504709803	622.7734375
727.001				10.9995380194032	0.0769967661358223	622.7734375
728.001				11.9966565318246	0.0839765957227721	622.7734375
729				10.0048833835795	0.0700341836850567	622.7734375
730.001				6.66351408411443	0.046644598588801	622.7734375
731				10.0101983901199	0.070071388730839	622.7734375
732				12.1946393030786	0.0853624751215501	622.7734375
733.001				7.76907641219612	0.0543835348853728	622.7734375
734.001				4.44163437043275	0.0310914405930293	622.7734375
735.001				9.99699090573737	0.0699789363401616	622.7734375
736				12.0079228274816	0.084055459792371	622.7734375
737				3.00315751981634	0.0210221026387143	622.7734375
738				3.32858270612665	0.0233000789428865	622.7734375
739.001				12.2146816920577	0.0855027718444036	621.997395833333
740				6.66414169742353	0.0466489918819647	622.7734375
741				10.0121878362531	0.0700853148537715	622.7734375
742.001				9.97593582591327	0.0698315507813929	621.997395833333
743				7.01041677829086	0.049072917448036	621.997395833333
744				8.0065974362875	0.0560461820540125	621.997395833333
745.001				11.1026607526494	0.0777186252685456	621.609375
746.001				7.01459948591002	0.0491021964013702	621.997395833333
747				8.86807453261922	0.0620765217283345	621.609375
748				13.0162898867933	0.0911140292075533	622.385416666667
748.999				12.2173719255678	0.0855216034789744	622.7734375
750				13.3065339739099	0.0931457378173692	623.161458333333
751.001				20.0550169279384	0.140385118495569	621.609375
752				14.4293673588175	0.101005571511723	622.385416666667
753				11.0073980722444	0.0770517865057105	622.7734375
754.001				13.9789686416786	0.0978527804917501	621.997395833333
755.001				11.0060335075688	0.0770422345529819	621.997395833333
756				8.88510186102901	0.0621957130272031	622.385416666667
757				14.4232662817874	0.100962863972511	622.7734375
758				11.0216001319386	0.07715120092357	622.7734375
759				6.65825876545895	0.0466078113582127	621.997395833333
760				8.01083385170104	0.0560758369619073	622.7734375
761				15.5362164186069	0.108753514930248	621.997395833333
762.001				14.0186588349093	0.0981306118443648	622.7734375
763.001				8.88346701285538	0.0621842690899876	622.385416666667
764				10.9918561337905	0.0769429929365333	622.7734375
765				6.99958142503078	0.0489970699752155	622.7734375
766.001				11.9976016794243	0.08398321175597	622.7734375
767.001				10.0065913417168	0.0700461393920175	623.161458333333
768.001				6.66656740888525	0.0466659718621967	621.997395833333
769.001				10.0033901489215	0.0700237310424503	623.161458333333
770.001				6.6553614260576	0.0465875299824032	622.7734375
771				15.5456909509977	0.108819836656984	622.7734375
772.001				9.9956208074618	0.0699693456522326	622.7734375
773.001				8.00453056429939	0.0560317139500957	622.7734375
774.001				4.99706772066152	0.0349794740446306	622.7734375
775.001				12.0074518246023	0.0840521627722164	623.161458333333
776				5.5469965398945	0.0388289757792615	622.7734375
777				11.0102009511813	0.0770714066582689	622.7734375
778				6.65839693767008	0.0466087785636906	621.609375
779.001				8.00520418323952	0.0560364292826767	622.7734375
780.001				11.0092653977588	0.0770648577843113	623.161458333333
781				6.66077410184457	0.046625418712912	622.7734375
782				11.0097436231065	0.0770682053617451	622.7734375
783				10.0015372362732	0.0700107606539125	622.7734375
784.001				9.99127461987447	0.0699389223391213	622.7734375
785.001				14.4239736205494	0.100967815343846	622.7734375
786				10.0147045907506	0.0701029321352542	622.7734375
787				6.65927487155924	0.0466149241009147	622.7734375
788.001				7.99911209855706	0.0559937846898994	622.7734375
789.001				12.0211560325016	0.0841480922275112	622.7734375
790				6.66400328668642	0.0466480230068049	622.7734375
791				18.8766882560461	0.132136817792322	622.7734375
792.001				14.0224190435669	0.098156933304968	622.7734375
793.001				9.98933361155477	0.0699253352808834	622.7734375
794.001				8.88291660795614	0.062180416255693	622.7734375
795				10.0262245930456	0.070183572151319	622.7734375
796				11.0876066170393	0.077613246319275	622.7734375
797.001				5.00329066426989	0.0350230346498892	622.7734375
798.001				14.4361901517199	0.101053331062039	622.7734375
799.001				16.0312208025129	0.11221854561759	623.161458333333
800				3.32771430285994	0.0232940001200196	622.7734375
801.001				11.0031006737699	0.0770217047163891	622.385416666667
802				9.0059943898659	0.0630419607290613	622.7734375
803.001				3.33095872986547	0.0233167111090583	622.7734375
804.001				3.99666118924251	0.0279766283246976	622.7734375
805				8.01478969141757	0.056103527839923	622.7734375
806				9.99596940300406	0.0699717858210284	622.7734375
807				14.4220710049588	0.100954497034711	621.997395833333
808.001				9.00484280446024	0.0630338996312217	622.7734375
809				11.0061766663452	0.0770432366644161	622.7734375
810.001				8.87971614211409	0.0621580129947986	622.385416666667
811.001				5.99821193302277	0.0419874835311594	621.997395833333
811.999				4.001536990358	0.028010758932506	622.385416666667
813.001				12.2178590889876	0.0855250136229129	621.609375
814				14.4329734378888	0.101030814065221	621.997395833333
815.001				10.0055620919669	0.0700389346437685	621.997395833333
816				8.00800079359288	0.0560560055551502	621.997395833333
817.001				8.87346188243617	0.0621142331770532	621.997395833333
818.001				1.99909900607796	0.0139936930425457	621.609375
819				11.0124561891956	0.0770871933243692	621.997395833333
820.001				11.0928965749351	0.0776502760245455	621.609375
821				15.0220222846693	0.105154155992685	622.7734375
822				9.00276384850149	0.0630193469395104	621.609375
823				8.87908933396064	0.0621536253377245	621.997395833333
824				14.4351995011195	0.101046396507837	622.7734375
825.001				6.01003676139152	0.0420702573297407	622.7734375
826.001				4.99598822145817	0.0349719175502072	622.385416666667
827.001				13.9946498453641	0.0979625489175488	621.609375
827.999				6.99609128379974	0.0489726389865982	622.7734375
829.001				9.01623463207852	0.0631136424245497	621.609375
830				8.87547607221575	0.0621283325055103	621.609375
831				9.01761229858036	0.0631232860900625	622.385416666667
832				13.3332222231481	0.093332555562037	622.7734375
833.001				11.0986497937593	0.0776905485563154	622.7734375
834.002				6.65933326089459	0.0466153328262621	622.7734375
835				12.2151889878517	0.0855063229149616	622.385416666667
836.001				8.00460585020621	0.0560322409514435	621.609375
837.001				7.99970561083352	0.0559979392758347	621.609375
838.001				13.0049106542631	0.0910343745798414	621.997395833333
839.001				11.1011940444314	0.0777083583110199	622.385416666667
840.001				15.0152735362411	0.105106914753687	621.609375
841				6.65916992115099	0.0466141894480569	621.997395833333
842.001				7.01484903243185	0.049103943227023	622.7734375
843				14.4294858774182	0.101006401141927	622.385416666667
844.001				10.992125241477	0.076944876690339	621.997395833333
845				16.0033831151906	0.112023681806334	621.609375
846				9.99653020436607	0.0699757114305624	622.385416666667
847.001				10.0076458414228	0.0700535208899599	621.997395833333
848				9.98949770807624	0.0699264839565337	622.7734375
849				11.0102152777347	0.0770715069441428	622.7734375
850				16.9785815194133	0.118850070635893	622.7734375
851.001				10.0088317931743	0.0700618225522201	621.609375
852.001				8.0021861972691	0.0560153033808837	621.997395833333
853.001				11.995835046072	0.083970845322504	621.997395833333
854				6.99696052034996	0.0489787236424497	622.7734375
855.001				11.1089720168328	0.0777628041178293	621.997395833333
856				8.00120498147021	0.0560084348702915	622.385416666667
857				12.0096221092339	0.0840673547646374	621.609375
858.001				6.65920317972512	0.0466144222580759	621.997395833333
859				9.01528631948332	0.0631070042363832	622.7734375
860				6.6530065657413	0.0465710459601891	622.7734375
861				9.00579252575256	0.063040547680268	622.385416666667
862.001				8.88043964392545	0.0621630775074782	621.609375
863				11.0087277193359	0.0770610940353512	621.609375
864				15.002176815856	0.105015237710992	622.7734375
865.001				11.1020777205392	0.0777145440437742	622.385416666667
866				12.0303610221115	0.0842125271547805	621.997395833333
867.001				7.74885989363915	0.054242019255474	622.7734375
868				6.00661989578715	0.04204633927051	622.385416666667
869				4.44386822286488	0.0311070775600542	622.7734375
870				14.4402856421795	0.101081999495256	622.385416666667
871.001				16.6538820365566	0.116577174255896	622.385416666667
872.001				9.0078728808979	0.0630551101662853	622.7734375
873.001				11.0053673176408	0.0770375712234857	622.7734375
874.001				6.66005693016664	0.0466203985111665	622.7734375
875.001				12.2188579633297	0.0855320057433076	622.7734375
876.001				12.016005319085	0.0841120372335951	622.7734375
877				11.1036691852749	0.0777256842969246	622.7734375
878				12.2104255943841	0.0854729791606886	622.7734375
879.001				9.02277800306875	0.0631594460214812	622.7734375
880.001				9.98759873157496	0.0699131911210247	622.7734375
881.001				13.0068637219861	0.0910480460539027	622.7734375
882.001				9.98832475817156	0.0699182733072009	622.7734375
883				8.9961946096801	0.0629733622677607	622.7734375
884				6.99910761377924	0.0489937532964547	622.7734375
885.001				12.2194674111803	0.0855362718782621	621.609375
886				12.9886167762573	0.090920317433801	622.7734375
887.003				8.88668992683699	0.0622068294878589	621.609375
888				9.00609983141582	0.0630426988199107	622.385416666667
889.001				12.9798137935882	0.0908586965551175	622.7734375
890				4.00698698320261	0.0280489088824183	621.609375
891				12.012885020473	0.0840901951433107	621.609375
892				5.54622064995494	0.0388235445496846	621.997395833333
893				11.1109604958688	0.0777767234710818	621.997395833333
894.001				12.2075514581587	0.0854528602071111	622.385416666667
895				6.00336969140779	0.0420235878398545	622.7734375
896				8.88029670847362	0.0621620769593154	622.7734375
897				9.00274133473643	0.063019189343155	621.609375
898.001				8.00369290390586	0.056025850327341	622.385416666667
899.001				7.01291990233607	0.0490904393163525	622.7734375
900.001				8.8807422879634	0.0621651960157438	622.385416666667
901.001				5.99382336502234	0.0419567635551564	622.7734375
902				8.00372493358409	0.0560260745350886	622.385416666667
903.001				14.0093274101897	0.0980652918713279	622.7734375
904.001				12.9876630188983	0.0909136411322884	622.7734375
905				10.0153535369722	0.0701074747588052	622.7734375
906				8.8834393923461	0.0621840757464227	622.7734375
907				12.2029307445962	0.0854205152121735	623.161458333333
908				10.0117527966079	0.0700822695762556	622.7734375
909.001				14.4242232860888	0.100969563002622	623.161458333333
910.001				9.98854114559777	0.0699197880191844	622.385416666667
911.001				14.015025508848	0.0981051785619362	623.161458333333
912.001				12.0203877797132	0.0841427144579922	622.7734375
913				12.2057620739676	0.0854403345177731	622.7734375
914				8.88758735109681	0.0622131114576776	622.7734375
915				8.99609299681148	0.0629726509776804	622.7734375
916.001				6.66506408903459	0.0466554486232421	622.7734375
917				7.77519295807438	0.0544263507065207	622.7734375
918				6.00098116041973	0.0420068681229381	622.7734375
919.001				16.6658463366748	0.116660924356723	622.7734375
920				8.99791968096976	0.0629854377667883	622.7734375
921.001				13.330565019331	0.0933139551353169	622.7734375
922.001				7.00289009274127	0.0490202306491889	622.7734375
923.001				8.88781543829095	0.0622147080680367	622.7734375
924.001				7.00564164321528	0.049039491502507	622.7734375
925.001				4.44416544961344	0.0311091581472941	626.265625
926.001				9.99284112861546	0.0699498879003082	622.7734375
927				13.0223698268886	0.0911565887882204	622.7734375
928				15.5298140260399	0.10870869818228	622.7734375
929.001				8.98937994653117	0.0629256596257182	622.7734375
930				11.0176282051282	0.0771233974358974	622.7734375
931.001				6.66139084511733	0.0466297359158213	622.7734375
932				6.00795814135404	0.0420557069894783	622.7734375
933				10.995587470748	0.0769691122952359	622.7734375
934.001				8.86321412716563	0.0620424988901594	622.7734375
935.001				15.5318522233014	0.10872296556311	622.7734375
936.001				5.54985646961198	0.0388489952872839	622.7734375
937.001				12.2168997262415	0.0855182980836904	622.7734375
938				6.00753585297397	0.0420527509708178	622.7734375
939.001				7.00465739670307	0.0490326017769215	622.7734375
940.001				6.66194334883234	0.0466336034418264	623.161458333333
941.001				7.01752978941396	0.0491227085258977	621.997395833333
942.001				11.0876570206268	0.0776135991443877	622.7734375
943				8.88423059064919	0.0621896141345443	621.997395833333
944.001				9.00578982227674	0.0630405287559372	622.385416666667
945				8.88117509492034	0.0621682256644423	621.997395833333
946.001				9.99970500870224	0.0699979350609157	622.385416666667
947.001				12.2176894594328	0.0855238262160294	621.609375
948				8.98601237313997	0.0629020866119798	622.385416666667
949.001				7.02174353101815	0.0491522047171271	621.997395833333
950.001				8.8744176718054	0.0621209237026378	622.385416666667
951.001				8.88501798272108	0.0621951258790476	621.997395833333
952.001				11.098965143589	0.0776927560051228	622.385416666667
953.001				11.007157954818	0.0770501056837261	622.385416666667
954.001				6.65734416571994	0.0466014091600395	621.997395833333
955.001				12.0174962728236	0.0841224739097652	621.997395833333
956.001				11.1000382063315	0.0777002674443205	621.609375
957				8.0061182755862	0.0560428279291034	621.997395833333
958				8.87771382001478	0.0621439967401035	621.609375
959.001				10.0114561092258	0.0700801927645805	621.609375
960.001				5.55442862370368	0.0388810003659258	621.609375
961				8.880592442083	0.062164147094581	621.997395833333
962.001				11.0140219513463	0.0770981536594238	622.385416666667
963.001				11.1085783552461	0.0777600484867228	622.385416666667
964				9.99976556105185	0.0699983589273629	621.997395833333
965				11.1012593601656	0.0777088155211592	621.609375
966.001				7.00805155042629	0.049056360852984	621.609375
967				12.9859258535599	0.0909014809749194	622.7734375
968				16.0010496688583	0.112007347682008	621.609375
969.001				6.00470528706294	0.0420329370094406	622.385416666667
970				13.3244296533405	0.0932710075733837	621.609375
971.001				11.9927923318086	0.0839495463226601	622.385416666667
972.001				11.9989224967598	0.0839924574773185	621.609375
973.001				14.4276602663346	0.100993621864342	622.385416666667
974				15.5407486755674	0.108785240728972	621.997395833333
975.001				12.0143836200699	0.0841006853404896	621.609375
976.001				9.99721633065282	0.0699805143145697	622.385416666667
977				11.0027605926327	0.0770193241484288	622.385416666667
978.001				10.9829621308464	0.0768807349159249	622.385416666667
979.001				5.00691705591274	0.0350484193913892	622.7734375
980.001				6.65782655252193	0.0466047858676535	622.7734375
981				6.0035054468304	0.0420245381278128	622.7734375
982				14.0071730733309	0.098050211513316	622.385416666667
983				8.88031050893726	0.0621621735625608	623.161458333333
984				8.99212379876466	0.0629448665913526	622.7734375
985.001				8.01634452485172	0.056114411673962	622.7734375
986.001				15.5379217408155	0.108765452185708	622.7734375
987.001				12.2166432884538	0.0855165030191768	622.7734375
988.001				8.00358640706901	0.0560251048494831	622.7734375
989				15.0027605079335	0.105019323555534	622.7734375
990				12.2091665534544	0.0854641658741808	622.7734375
991				3.00282475724914	0.021019773300744	622.7734375
992.001				14.4387074646785	0.101070952252749	622.7734375
993				9.0086870769483	0.0630608095386381	622.7734375
994.001				9.97743879367887	0.0698420715557521	622.7734375
995				7.00037662026217	0.0490026363418352	622.7734375
996.001				7.76489753829453	0.0543542827680617	622.385416666667
997				7.00753660561934	0.0490527562393354	622.7734375
998.001				14.4314529298181	0.101020170508726	621.997395833333
999.001				13.3204110545647	0.0932428773819531	621.997395833333
1000.001				5.00384695754096	0.0350269287027867	621.997395833333
1001				11.9884778739154	0.0839193451174076	622.385416666667
1002				7.77545550839927	0.0544281885587949	621.609375
1003				8.00597005186768	0.0560417903630737	622.385416666667
1004				9.98856642097013	0.0699199649467909	621.609375
1005				8.01470618437772	0.056102943290644	621.997395833333
1006.001				3.33318852480964	0.0233323196736675	621.997395833333
1007				13.3297609573968	0.0933083267017773	622.385416666667
1008.001				7.77084963361554	0.0543959474353088	621.609375
1009.001				12.0078627485277	0.0840550392396942	622.7734375
1010				6.9976075179896	0.0489832526259272	622.7734375
1011.001				12.2175008368988	0.0855225058582917	622.7734375
1012				11.1072877358438	0.0777510141509067	622.7734375
1013.001				8.8786114029338	0.0621502798205366	622.7734375
1014				9.99449969366859	0.0699614978556801	622.7734375
1015.001				12.2139886367712	0.0854979204573983	622.7734375
1016				9.0008613824343	0.0630060296770401	622.7734375
1017				17.7327837943635	0.124129486560545	622.7734375
1018.001				9.01842102678932	0.0631289471875252	622.7734375
1019				10.006953832218	0.0700486768255261	622.7734375
1020.001				8.88010153508095	0.0621607107455667	622.7734375
1021.001				13.3292575425825	0.0933048027980777	622.7734375
1022				11.0058022589509	0.0770406158126564	622.7734375
1023.001				8.01410321884452	0.0560987225319117	622.7734375
1024				9.98711262986243	0.069909788409037	622.7734375
1025.001				9.992254892208	0.069945784245456	622.385416666667
1026				15.9983025800963	0.111988118060674	622.385416666667
1027				11.1106827325658	0.0777747791279603	621.997395833333
1028				9.0102735138605	0.0630719145970235	622.385416666667
1029.001				10.9901879601891	0.076931315721324	622.385416666667
1030				6.00459471587659	0.0420321630111361	622.385416666667
1031.001				11.0018934258586	0.0770132539810101	621.609375
1032				6.66020257006117	0.0466214179904282	622.385416666667
1033				11.0136271608862	0.0770953901262031	622.385416666667
1034				5.54728332339075	0.0388309832637353	622.7734375
1035				6.99997060012348	0.0489997942008643	621.997395833333
1036				13.0103796809094	0.091072657766366	622.7734375
1036.999				11.098559873068	0.0776899191114759	622.7734375
1038				8.88522126699923	0.0621965488689946	622.7734375
1039				7.76901260511197	0.0543830882357838	622.7734375
1040				8.88424637658788	0.0621897246361151	622.7734375
1041				11.1032463116404	0.0777227241814826	621.997395833333
1042.001				6.00726097634211	0.0420508268343947	622.7734375
1043				13.005982752066	0.0910418792644617	621.997395833333
1044.001				13.3206742525686	0.0932447197679805	622.7734375
1045				12.2192420848471	0.0855346945939296	621.997395833333
1046				16.654780704837	0.116583464933859	622.385416666667
1047.001				6.00318529011493	0.0420222970308045	621.609375
1048.001				7.00384861481384	0.0490269403036969	622.385416666667
1049				9.99061548185738	0.0699343083730016	621.997395833333
1050.001				6.65887578200172	0.0466121304740121	622.385416666667
1051.002				9.98578024892553	0.0699004617424787	622.385416666667
1052.001				13.3324430224159	0.0933271011569116	622.385416666667
1053.001				9.00014850245029	0.063001039517152	622.7734375
1054				8.00528749238872	0.0560370124467211	622.385416666667
1055				8.99006238503958	0.062930436695277	622.7734375
1056				7.0038317963758	0.0490268225746306	622.7734375
1057				7.00542920763592	0.0490380044534514	622.7734375
1058.001				9.98748013878602	0.0699123609715022	622.7734375
1059.001				11.1023414949236	0.0777163904644654	622.7734375
1060.001				7.01047786020987	0.0490733450214691	622.7734375
1061				5.55047378844258	0.0388533165190981	622.7734375
1062.001				9.99845801558604	0.0699892061091023	622.7734375
1063.001				8.00365206643792	0.0560255644650654	622.7734375
1064				8.87929530360752	0.0621550671252527	622.385416666667
1065.001				1.00156354084361	0.00701094478590528	622.385416666667
1066.001				12.0168813148711	0.0841181692040979	621.997395833333
1067.001				8.99582413843494	0.0629707689690446	621.997395833333
1068				5.99214669254475	0.0419450268478132	622.385416666667
1069				20.995330638466	0.146967314469262	621.609375
1070.001				13.3275240136994	0.0932926680958955	622.385416666667
1071				7.77076595662958	0.054395361696407	622.7734375
1072.001				12.0307095892976	0.0842149671250835	622.7734375
1073.001				5.54731409591373	0.0388311986713961	622.7734375
1074				6.65940643378574	0.0466158450365002	622.7734375
1075.001				10.0062589149513	0.0700438124046591	622.7734375
1076.001				10.9910576754752	0.0769374037283266	622.7734375
1077.001				14.4362654980251	0.101053858486175	622.7734375
1078.001				10.0127652744484	0.0700893569211388	622.7734375
1079				12.2068036728719	0.0854476257101031	622.7734375
1080				10.0159915320801	0.0701119407245608	621.997395833333
1081				7.99899132719364	0.0559929392903555	621.609375
1082				5.54814569874457	0.038837019891212	621.997395833333
1083.001				8.88694561011548	0.0622086192708083	621.609375
1084.001				10.0108096722841	0.0700756677059889	621.609375
1085				16.6659241071592	0.116661468750115	622.7734375
1086				7.77478275868618	0.0544234793108033	622.7734375
1087				8.8847999065319	0.0621935993457233	622.7734375
1088.001				8.99850984676938	0.0629895689273856	622.7734375
1089.001				4.00351268202721	0.0280245887741905	622.7734375
1090.001				7.99348211468369	0.0559543748027858	622.7734375
1091				16.014021877556	0.112098153142892	622.385416666667
1092				11.9954453294084	0.083968117305859	622.7734375
1093.001				3.00427628686673	0.0210299340080671	622.7734375
1094.001				14.4273080085987	0.100991156060191	622.7734375
1095				7.99402366790587	0.0559581656753411	622.7734375
1096.001				11.0172110871604	0.0771204776101225	622.385416666667
1097.001				15.5368250498011	0.108757775348608	621.609375
1098				8.88127763395659	0.0621689434376961	622.385416666667
1099				8.01122211994562	0.0560785548396193	622.7734375
1100.001				6.66379975192895	0.0466465982635026	621.997395833333
1101.001				17.745079511265	0.124215556578855	622.7734375
1102				8.0094319070137	0.0560660233490959	622.385416666667
1103				13.3235893483233	0.0932651254382628	622.7734375
1104				7.00735211383784	0.0490514647968649	622.7734375
1105				6.66410838950159	0.0466487587265111	622.7734375
1106.001				7.77192206627429	0.05440345446392	622.7734375
1107.001				10.9869826229883	0.076908878360918	622.7734375
1108.001				8.01898173165701	0.056132872121599	622.7734375
1109.001				14.3493940582029	0.10044575840742	621.997395833333
1110.001				9.05684164384091	0.0633978915068864	622.7734375
1111.001				15.5320297078913	0.108724207955239	621.609375
1112.001				8.0046314797742	0.0560324203584194	621.609375
1113				10.9841498717351	0.0768890491021456	622.385416666667
1113.999				5.01061348147646	0.0350742943703352	622.385416666667
1115				11.1046062795216	0.0777322439566512	621.997395833333
1116.001				15.5385908673486	0.10877013607144	622.7734375
1117.001				8.9958699960848	0.0629710899725936	622.7734375
1118				4.00661732918088	0.0280463213042661	622.7734375
1119.001				11.1036371295854	0.0777254599070981	622.7734375
1120				10.0165513494498	0.0701158594461488	621.609375
1121				14.4213702520412	0.100949591764288	621.997395833333
1122				11.1036161701962	0.0777253131913736	621.997395833333
1123.001				5.00828169461021	0.0350579718622714	622.385416666667
1124.017				8.87307903384592	0.0621115532369214	621.997395833333
1125				8.00815951372854	0.0560571165960998	622.7734375
1126				7.76370821322692	0.0543459574925884	621.997395833333
1127.001				8.00545491698043	0.056038184418863	622.7734375
1128				6.6621904149512	0.0466353329046584	622.7734375
1129				6.00974058754429	0.04206818411281	622.7734375
1130.001				11.9956156024973	0.083969309217481	622.7734375
1131.001				14.0090933024626	0.0980636531172384	622.7734375
1132.001				14.4303652181133	0.101012556526793	622.7734375
1133.001				14.4347058295781	0.101042940807047	622.7734375
1134				8.99663435908627	0.0629764405136039	621.609375
1135.001				13.0085218826853	0.0910596531787974	621.997395833333
1136				9.9932689781616	0.0699528828471312	622.385416666667
1137				15.5443290956531	0.108810303669572	622.385416666667
1138.001				8.87273459676638	0.0621091421773646	623.161458333333
1139				6.00837086228534	0.0420585960359974	622.7734375
1140				12.2049508606488	0.0854346560245413	622.7734375
1141.001				11.0263430361477	0.0771844012530336	622.7734375
1142				5.55434841050101	0.038880438873507	622.7734375
1143				9.99920339679606	0.0699944237775724	621.997395833333
1144.001				7.75605908876056	0.0542924136213239	622.385416666667
1145.001				14.4441507467126	0.101109055226988	622.385416666667
1146				10.0073774386478	0.0700516420705344	622.7734375
1147.001				12.0047586863433	0.0840333108044029	622.385416666667
1148.001				8.00882251888681	0.0560617576322076	621.997395833333
1149.001				9.99255332720383	0.0699478732904268	622.7734375
1150.001				10.9960623100868	0.0769724361706073	622.7734375
1151.001				10.9972133061482	0.0769804931430376	622.7734375
1152.001				10.0140126078422	0.0700980882548951	622.7734375
1153				7.7651688691274	0.0543561820838918	622.7734375
1154				14.4409032140674	0.101086322498472	621.997395833333
1155				14.0100395943733	0.0980702771606133	621.997395833333
1156.003				6.66321142136628	0.0466424799495639	622.385416666667
1157				17.037547346843	0.119262831427901	621.609375
1158.001				11.0873189565547	0.0776112326958827	622.385416666667
1159.001				6.99420739743345	0.0489594517820341	622.7734375
1160				14.44146789745	0.10109027528215	622.7734375
1161.001				12.0103601366539	0.0840725209565771	622.7734375
1162				9.99153162186538	0.0699407213530576	622.7734375
1163				9.00868256825929	0.063060777977815	623.549479166667
1164.001				12.2066248682239	0.0854463740775675	622.385416666667
1165				9.01461810471861	0.0631023267330303	622.7734375
1166.001				13.9906752149692	0.0979347265047846	622.7734375
1167.001				9.98934248149918	0.0699253973704943	622.7734375
1168				11.0156091181204	0.0771092638268426	621.609375
1169.001				5.55041155746657	0.038852880902266	621.997395833333
1170				11.0228349047888	0.0771598443335213	621.609375
1171				11.0909330069937	0.077636531048956	622.385416666667
1172.001				12.2210571481074	0.0855474000367521	622.7734375
1173.001				13.006599548611	0.0910461968402768	622.7734375
1174.001				9.98403951443223	0.0698882766010256	622.7734375
1175.001				15.0263050496199	0.105184135347339	622.7734375
1176.001				7.0009962417652	0.0490069736923564	622.7734375
1177.001				7.76890482525569	0.0543823337767898	622.7734375
1178.001				9.99508130943117	0.0699655691660182	621.997395833333
1179.001				3.32596963655799	0.023281787455906	621.997395833333
1180				13.0329943284419	0.0912309602990932	622.385416666667
1181.001				9.99318908646041	0.0699523236052228	621.997395833333
1182				4.4370547762177	0.0310593834335239	621.609375
1183.001				9.01265286335486	0.063088570043484	622.7734375
1184				13.3088081574121	0.093161657101885	622.7734375
1185.001				9.01032853960495	0.0630722997772346	622.7734375
1186				15.5450712686	0.1088154988802	623.549479166667
1187				17.0269621946352	0.119188735362446	622.7734375
1188.001				8.8761703230571	0.0621331922613997	621.609375
1189.001				8.87750102784817	0.0621425071949372	621.997395833333
1190				12.2218392712584	0.0855528748988087	621.997395833333
1191				5.0060142254905	0.0350420995784335	622.385416666667
1192.001				10.0149573387855	0.0701047013714983	621.997395833333
1193				4.44229733406631	0.0310960813384642	622.7734375
1194				10.0084431226182	0.0700591018583277	622.7734375
1195.001				11.1036346637708	0.0777254426463959	622.7734375
1196				8.88224891436713	0.0621757424005699	622.7734375
1197.001				12.2215826260648	0.0855510783824535	622.7734375
1198.001				9.01091041032482	0.0630763728722738	621.997395833333
1199.001				5.55470938815876	0.0388829657171113	621.997395833333
