MIN=0	0	0	0	0	0	0
MAX=300	100	511	824.634374726391	1000	100	2000
SCALE=300	5	100	500	500	50	500
DEC=0	0	0	1	0	0	0
DEF="Time" t / s	"Events" N	"Channel" n	"Energy" E / keV	"Rate" R / 1/s	"Dead time" t / %	"Voltage" U / V
0	0	0	-24.9262917846498			621.609375
1.001	0	1	-23.2637464490117	5.28246670065054	0.0369772669045537	621.609375
2	0	2	-21.6012011133737	9.006038548847	0.063042269841929	621.609375
3.001	0	3	-19.9386557777357	10.9960864928172	0.0769726054497204	621.609375
4	1	4	-18.2761104420976	15.9952110338165	0.111966477236715	621.609375
5	2	5	-16.6135651064596	12.0074458171512	0.0840521207200585	621.609375
6	3	6	-14.9510197708215	8.88280909954964	0.0621796636968475	621.609375
7	6	7	-13.2884744351835	13.9949869956582	0.0979649089696071	621.609375
8	1	8	-11.6259290995454	14.4354335260501	0.101048034682351	621.609375
9	1	9	-9.96338376390739	17.0114078501043	0.11907985495073	621.609375
10.001	4	10	-8.30083842826934	13.0087223483346	0.0910610564383419	621.609375
11	6	11	-6.63829309263129	9.98203566315155	0.0698742496420608	621.609375
12	2	12	-4.97574775699325	16.0425448288862	0.112297813802203	621.609375
13	2	13	-3.3132024213552	14.4349270158986	0.10104448911129	621.609375
14.001	3	14	-1.65065708571716	10.9854596456131	0.0768982175192915	621.997395833333
15.001	6	15	0.0118882499208794	11.018686590589	0.0771308061341229	621.609375
16	2	16	1.67443358555892	11.103814671115	0.077726702697805	621.609375
17.001	6	17	3.33697892119698	7.00469594816365	0.0490328716371456	621.609375
18.001	5	18	4.99952425683502	13.2938535425018	0.0930569747975125	621.609375
19.001	5	19	6.66206959247306	10.0163717596411	0.0701146023174879	621.609375
20	10	20	8.3246149281111	8.88702063966108	0.0622091444776276	621.609375
21.001	4	21	9.98716026374915	13.9954234965166	0.0979679644756165	621.609375
22	5	22	11.6497055993872	12.0080381807582	0.0840562672653074	621.609375
23	7	23	13.3122509350252	17.9908822208905	0.125936175546233	621.609375
24.001	9	24	14.9747962706633	17.994103332338	0.125958723326366	621.609375
25	5	25	16.6373416063013	11.1041537418944	0.0777290761932607	621.609375
26.001	7	26	18.2998869419394	12.2002617510703	0.0854018322574921	621.609375
27	7	27	19.9624322775774	18.0300651336103	0.126210455935272	621.997395833333
28	9	28	21.6249776132155	16.6366449166565	0.116456514416596	621.609375
29.001	3	29	23.2875229488535	7.77241222254015	0.0544068855577811	621.609375
30.001	9	30	24.9500682844916	9.03335294574629	0.063233470620224	621.609375
31	9	31	26.6126136201296	16.6188707942624	0.116332095559837	621.221354166667
32	6	32	28.2751589557676	17.7654544741909	0.124358181319336	621.609375
33.001	9	33	29.9377042914057	9.00631612950162	0.0630442129065113	621.609375
34	4	34	31.6002496270437	13.0087327623033	0.0910611293361233	621.609375
35.001	10	35	33.2627949626818	10.9964030765537	0.0769748215358756	621.609375
36.001	7	36	34.9253402983198	12.9932175404439	0.0909525227831072	621.609375
37	11	37	36.5878856339579	15.5442117352581	0.108809482146807	621.609375
38	7	38	38.2504309695959	8.0133670976556	0.0560935696835892	621.609375
39	17	39	39.912976305234	12.2133905837867	0.0854937340865072	622.385416666667
40	8	40	41.575521640872	16.0107335958026	0.112075135170618	621.609375
41	8	41	43.23806697651	8.87728627572652	0.0621410039300856	621.609375
42.001	10	42	44.9006123121481	16.6562546568112	0.116593782597678	621.221354166667
43.001	12	43	46.5631576477861	12.0193884755499	0.0841357193288494	621.609375
44	15	44	48.2257029834242	19.9848470448629	0.13989392931404	621.609375
45.001	14	45	49.8882483190622	5.55118122475045	0.0388582685732532	621.609375
46	13	46	51.5507936547003	11.0070290887761	0.0770492036214327	621.609375
47.001	12	47	53.2133389903383	11.091506257606	0.077640543803242	621.997395833333
48	12	48	54.8758843259764	17.0453371878522	0.119317360314966	622.385416666667
49	15	49	56.5384296616144	6.66230507760919	0.0466361355432643	621.609375
50.001	13	50	58.2009749972525	11.1033165828699	0.0777232160800895	621.609375
51.001	14	51	59.8635203328905	8.01158635618832	0.0560811044933182	621.609375
52.001	16	52	61.5260656685285	12.1862484168955	0.0853037389182688	621.609375
53.001	14	53	63.1886110041666	21.0546388933922	0.147382472253746	621.221354166667
54	14	54	64.8511563398046	14.4344798418603	0.101041358893022	620.833333333333
55.001	20	55	66.5137016754427	12.9948384501676	0.0909638691511732	621.609375
56.001	21	56	68.1762470110807	13.3229887727174	0.0932609214090215	621.609375
57.001	23	57	69.8387923467188	16.0097467338115	0.112068227136681	621.609375
58	19	58	71.5013376823568	12.2141880007817	0.0854993160054719	621.609375
59	31	59	73.1638830179949	10.9854541601466	0.0768981791210259	621.609375
60.001	35	60	74.8264283536329	15.0250497629648	0.105175348340754	621.609375
61	47	61	76.4889736892709	7.77246572925548	0.0544072601047884	621.609375
62	32	62	78.151519024909	11.0069949452877	0.0770489646170141	621.609375
63.001	29	63	79.814064360547	9.99341212065424	0.0699538848445797	621.609375
64.001	25	64	81.4766096961851	14.4335759617453	0.101035031732217	621.609375
65	32	65	83.1391550318231	4.01067079070575	0.0280746955349403	621.609375
66.001	20	66	84.8017003674612	11.0911519669714	0.0776380637688001	621.609375
67.001	25	67	86.4642457030992	13.0087288570631	0.0910611019994416	621.609375
68	19	68	88.1267910387373	15.5281001491474	0.108696701044032	621.609375
69.001	26	69	89.7893363743753	18.0300904178984	0.126210632925289	621.609375
70.001	30	70	91.4518817100133	13.9952542092976	0.0979667794650834	621.609375
71.001	33	71	93.1144270456514	13.320623977989	0.093244367845923	621.609375
72	29	72	94.7769723812894	15.0155050104738	0.105108535073317	621.609375
73.001	25	73	96.4395177169275	17.7470497470879	0.124229348229615	621.609375
74.001	27	74	98.1020630525655	8.00535718502822	0.0560375002951975	621.609375
75	20	75	99.7646083882036	11.9960928725514	0.0839726501078599	621.609375
76.001	19	76	101.427153723842	13.9954276937724	0.0979679938564071	621.609375
77.001	18	77	103.08969905948	9.00577630492198	0.0630404341344538	621.609375
78.001	23	78	104.752244395118	11.0035607522594	0.077024925265816	621.609375
79	14	79	106.414789730756	13.0091688622141	0.0910641820354986	621.609375
80	18	80	108.077335066394	7.77265128244305	0.0544085589771013	621.609375
81.001	15	81	109.739880402032	13.0071578389588	0.0910501048727114	622.385416666667
82	17	82	111.40242573767	8.98725876325134	0.0629108113427594	621.609375
83.001	18	83	113.064971073308	16.0251964163254	0.112176374914278	621.609375
84.001	27	84	114.727516408946	12.9957594836805	0.0909703163857633	621.609375
85	18	85	116.390061744584	16.6367058080293	0.116456940656205	621.609375
86	19	86	118.052607080222	13.0347532591395	0.0912432728139766	621.609375
87.001	16	87	119.71515241586	9.98500584954926	0.0698950409468448	621.609375
88	20	88	121.377697751498	15.9928751741099	0.11195012621877	621.609375
89.001	20	89	123.040243087136	14.4349606752808	0.101044724726965	621.609375
90.001	21	90	124.702788422774	10.0162252833365	0.0701135769833553	621.609375
91	16	91	126.365333758412	13.3239680642251	0.0932677764495755	621.997395833333
92.001	15	92	128.02787909405	16.9939586477007	0.118957710533905	621.609375
93.001	18	93	129.690424429688	13.9958446337282	0.0979709124360977	621.609375
94	20	94	131.352969765326	7.00470576133046	0.0490329403293132	621.609375
95.001	16	95	133.015515100964	18.8769397860043	0.13213857850203	621.609375
96.001	20	96	134.678060436603	12.0086642512573	0.084060649758801	620.833333333333
97.001	17	97	136.340605772241	11.992486707078	0.0839474069495461	620.833333333333
98.001	23	98	138.003151107879	21.9990980369805	0.153993686258863	621.609375
99.001	18	99	139.665696443517	14.007551470998	0.0980528602969861	621.609375
100	20	100	141.328241779155	14.0194674324767	0.0981362720273371	621.997395833333
101.001	22	101	142.990787114793	5.54936677840502	0.0388455674488351	622.385416666667
102.001	19	102	144.653332450431	11.9977948053148	0.0839845636372035	621.609375
103	15	103	146.315877786069	12.2208779256504	0.0855461454795528	621.997395833333
104.001	21	104	147.978423121707	9.00477072753145	0.0630333950927201	621.997395833333
105	24	105	149.640968457345	13.3266640783324	0.0932866485483265	621.609375
106	19	106	151.303513792983	13.0006864362438	0.0910048050537068	621.997395833333
107.001	24	107	152.966059128621	14.0210483978549	0.098147338784984	621.609375
108	16	108	154.628604464259	17.7488747213427	0.124242123049399	621.221354166667
109.001	11	109	156.291149799897	10.0062629199616	0.0700438404397312	621.609375
110	21	110	157.953695135535	15.5324053682656	0.108726837577859	621.609375
111.001	19	111	159.616240471173	17.765132950924	0.124355930656468	621.997395833333
112	9	112	161.278785806811	5.01411825276431	0.0350988277693502	621.609375
113.001	13	113	162.941331142449	14.428279961461	0.100997959730227	621.609375
114	15	114	164.603876478087	21.1083623332606	0.147758536332824	621.609375
115.001	13	115	166.266421813725	7.99635046564748	0.0559744532595323	621.609375
116	18	116	167.928967149363	12.2194104001179	0.0855358728008255	621.221354166667
117	9	117	169.591512485001	11.9899979437154	0.0839299856060075	621.609375
118	28	118	171.254057820639	13.0214006720044	0.0911498047040311	621.221354166667
119	11	119	172.916603156278	5.55525248566995	0.0388867673996896	621.221354166667
120.001	14	120	174.579148491916	16.642232171565	0.116495625200955	621.609375
121	6	121	176.241693827554	17.7710228145502	0.124397159701851	621.997395833333
122	20	122	177.904239163192	15.0382181275494	0.105267526892845	621.997395833333
123	15	123	179.56678449883	16.6418315067814	0.11649282054747	621.609375
124	9	124	181.229329834468	11.0108313548037	0.077075819483626	621.609375
125	14	125	182.891875170106	14.4360025909293	0.101052018136505	621.609375
126.001	6	126	184.554420505744	6.66461840727616	0.0466523288509331	621.609375
127	13	127	186.216965841382	14.4344782391358	0.10104134767395	621.609375
128.001	16	128	187.87951117702	4.9938116685803	0.0349566816800621	621.997395833333
129.001	14	129	189.542056512658	11.0286336415235	0.0772004354906644	621.609375
130.001	22	130	191.204601848296	16.6515729408831	0.116561010586182	621.609375
131	18	131	192.867147183934	12.984794805283	0.0908935636369811	621.609375
132.001	10	132	194.529692519572	6.00773375566367	0.0420541362896457	621.609375
133	14	133	196.19223785521	16.644832345481	0.116513826418367	621.609375
134	21	134	197.854783190848	11.1088831628768	0.0777621821401374	621.997395833333
135.001	13	135	199.517328526486	5.55337801433194	0.0388736461003235	621.609375
136	16	136	201.179873862124	10.00001000001	0.07000007000007	621.609375
137	12	137	202.842419197762	7.77085912287205	0.0543960138601043	621.609375
138	15	138	204.5049645334	11.0293446744408	0.0772054127210857	621.609375
139.001	13	139	206.167509869038	12.210037961008	0.0854702657270561	621.609375
140	12	140	207.830055204676	7.99885856288308	0.0559920099401815	621.609375
141	16	141	209.492600540315	8.87248169856564	0.0621073718899595	621.609375
142.001	10	142	211.155145875953	13.0263562265532	0.0911844935858723	621.609375
143.001	10	143	212.817691211591	18.8791535387141	0.132154074770999	621.609375
144	20	144	214.480236547229	9.01000380722716	0.0630700266505901	621.609375
145.001	12	145	216.142781882867	7.76632503712303	0.0543642752598612	621.609375
146	9	146	217.805327218505	10.0107705880757	0.07007539411653	621.609375
147.001	19	147	219.467872554143	16.6606096094842	0.116624267266389	621.609375
148.001	14	148	221.130417889781	16.6429449225038	0.116500614457527	621.609375
149	13	149	222.792963225419	11.0215305599489	0.077150713919642	621.609375
150.001	14	150	224.455508561057	18.850716188607	0.131955013320249	621.609375
151	13	151	226.118053896695	8.0135661661627	0.0560949631631389	621.609375
152	20	152	227.780599232333	13.3304287810178	0.0933130014671248	621.997395833333
153.001	11	153	229.443144567971	11.102027185756	0.0777141903002921	621.609375
154.001	12	154	231.105689903609	14.0135174389216	0.0980946220724511	621.609375
155.001	12	155	232.768235239247	14.435367805954	0.101047574641678	621.609375
156.001	20	156	234.430780574885	14.0243378358804	0.0981703648511627	621.609375
157.001	9	157	236.093325910523	12.0037919978921	0.0840265439852449	621.221354166667
158.001	18	158	237.755871246161	7.7765041592077	0.0544355291144539	621.609375
159	15	159	239.418416581799	11.1062909808254	0.077744036865778	621.997395833333
160	13	160	241.080961917437	14.4227430237747	0.100959201166423	621.609375
161.001	26	161	242.743507253075	11.0103199729106	0.0770722398103743	621.609375
162.001	17	162	244.406052588713	9.99221384492284	0.0699454969144599	622.7734375
163	20	163	246.068597924352	17.0176524108458	0.11912356687592	621.609375
164	14	164	247.73114325999	13.330935246204	0.0933165467234283	621.609375
165	16	165	249.393688595628	17.9655492627338	0.125758844839136	621.609375
166.001	19	166	251.056233931266	10.0112446299684	0.0700787124097787	621.609375
167	31	167	252.718779266904	6.66416020196848	0.0466491214137794	621.609375
168	18	168	254.381324602542	11.9975584968459	0.0839829094779212	620.833333333333
169	24	169	256.04386993818	6.99696121974227	0.0489787285381959	621.609375
170	23	170	257.706415273818	18.0191507534207	0.126134055273945	621.609375
171	26	171	259.368960609456	6.99936025847238	0.0489955218093066	621.997395833333
172.001	27	172	261.031505945094	13.9993910264903	0.0979957371854324	621.609375
173.001	19	173	262.694051280732	11.0075566876661	0.0770528968136626	621.609375
174.001	16	174	264.35659661637	8.99589517303255	0.0629712662112278	621.609375
175	11	175	266.019141952008	16.6524916956799	0.11656744186976	621.997395833333
176.001	13	176	267.681687287646	13.0103861912965	0.0910727033390756	621.609375
177.001	21	177	269.344232623284	15.5392359046921	0.108774651332845	621.609375
178.001	15	178	271.006777958922	12.0004008133872	0.0840028056937102	621.609375
179	10	179	272.66932329456	10.0214067269094	0.0701498470883655	621.609375
180.001	13	180	274.331868630198	7.77336423430697	0.0544135496401488	621.609375
181.001	16	181	275.994413965836	12.2094606226581	0.0854662243586065	621.609375
182.001	15	182	277.656959301474	8.87695431697385	0.0621386802188169	621.609375
183	9	183	279.319504637112	15.9933467677446	0.111953427374212	621.609375
184.001	5	184	280.98204997275	7.00786773310396	0.0490550741317277	621.609375
185	6	185	282.644595308388	14.982081430609	0.104874570014263	621.609375
186.001	14	186	284.307140644027	13.0143509247647	0.0911004564733532	621.609375
187.001	10	187	285.969685979665	15.5458238698131	0.108820767088691	621.609375
188	12	188	287.632231315303	11.1083303257529	0.0777583122802703	621.609375
189.001	5	189	289.294776650941	8.01053786255819	0.0560737650379074	621.609375
190.001	5	190	290.957321986579	9.99387475416317	0.0699571232791422	621.609375
191	7	191	292.619867322217	14.0108331762118	0.0980758322334829	621.609375
192.001	8	192	294.282412657855	9.99402756912469	0.0699581929838728	621.609375
193	8	193	295.944957993493	16.0078742733551	0.112055119913485	621.609375
194	5	194	297.607503329131	15.9866639249538	0.111906647474677	621.609375
195	9	195	299.270048664769	7.00347582505197	0.0490243307753638	621.609375
196.001	6	196	300.932594000407	11.9957499058084	0.0839702493406586	621.609375
197	2	197	302.595139336045	8.99918737338018	0.0629943116136613	621.609375
198.001	12	198	304.257684671683	9.00340688916686	0.063023848224168	620.833333333333
199	9	199	305.920230007321	10.997733367153	0.0769841335700712	621.997395833333
200.001	7	200	307.582775342959	4.44183511308413	0.0310928457915889	621.997395833333
201	5	201	309.245320678597	12.2091841701046	0.085464289190732	621.609375
202	3	202	310.907866014235	13.039792229969	0.0912785456097828	621.609375
203.001	7	203	312.570411349873	13.3270725707967	0.0932895079955772	621.609375
204	5	204	314.232956685511	15.5236751014555	0.108665725710189	621.609375
205	5	205	315.895502021149	10.0039855878582	0.0700278991150074	621.609375
206	9	206	317.558047356787	8.86621600429568	0.0620635120300698	621.609375
207.001	5	207	319.220592692425	15.5398654713846	0.108779058299692	621.609375
208.001	6	208	320.883138028064	10.0153264540727	0.0701072851785087	621.609375
209.001	7	209	322.545683363702	19.9944495408075	0.139961146785652	621.609375
210.001	3	210	324.20822869934	9.0073896624791	0.0630517276373537	621.609375
211.001	10	211	325.870774034978	7.98892255997833	0.0559224579198483	621.609375
212.001	7	212	327.533319370616	16.0102177209495	0.112071524046647	621.997395833333
213	8	213	329.195864706254	10.0035562642519	0.0700248938497636	621.609375
214	7	214	330.858410041892	8.99620540056204	0.0629734378039343	621.609375
215	9	215	332.52095537753	15.9922885184764	0.111946019629335	622.385416666667
216	6	216	334.183500713168	15.0319925898289	0.105223948128803	621.609375
217.001	5	217	335.846046048806	13.3245524532666	0.0932718671728664	621.221354166667
218.001	3	218	337.508591384444	15.9860681416146	0.111902476991302	621.609375
219.001	6	219	339.171136720082	12.9927773150905	0.0909494412056338	621.609375
220	6	220	340.83368205572	16.0073281548293	0.112051297083805	621.609375
221	1	221	342.496227391358	19.0026888804766	0.133018822163336	621.609375
222.001	6	222	344.158772726996	14.4413010545816	0.101089107382071	621.609375
223.001	2	223	345.821318062634	6.00038642488576	0.0420027049742003	621.609375
224	3	224	347.483863398272	13.9848795482325	0.0978941568376271	621.609375
225	1	225	349.14640873391	9.00670368955614	0.0630469258268929	621.609375
226.001	3	226	350.808954069548	14.9934868293213	0.104954407805249	621.997395833333
227	5	227	352.471499405186	9.01249492296119	0.0630874644607284	621.221354166667
228	4	228	354.134044740824	17.7379462340677	0.124165623638474	621.221354166667
229.001	4	229	355.796590076463	15.0435722025274	0.105305005417692	621.609375
230	3	230	357.459135412101	13.3156782235287	0.0932097475647011	621.609375
231	7	231	359.121680747739	13.3326296667676	0.0933284076673731	621.609375
232	8	232	360.784226083377	11.1111061728417	0.0777777432098919	621.609375
233.001	4	233	362.446771419015	8.87652881565358	0.0621357017095751	621.997395833333
234	7	234	364.109316754653	10.0164259368939	0.0701149815582574	621.609375
235	5	235	365.771862090291	8.8792381436088	0.0621546670052616	621.997395833333
236	5	236	367.434407425929	9.00626025150082	0.0630438217605057	621.609375
237	5	237	369.096952761567	5.99363655606842	0.041955455892479	621.609375
238.001	4	238	370.759498097205	11.0066237861945	0.0770463665033617	621.609375
239.001	9	239	372.422043432843	13.3282833948471	0.0932979837639294	621.609375
240.001	2	240	374.084588768481	11.0952719939358	0.0776669039575504	621.609375
241	4	241	375.747134104119	12.22012036152	0.0855408425306403	622.385416666667
242.001	3	242	377.409679439757	14.0382626887846	0.0982678388214918	621.609375
243.001	4	243	379.072224775395	9.99418116563245	0.0699592681594272	621.997395833333
244.001	5	244	380.734770111033	13.3297402278008	0.0933081815946057	621.609375
245	4	245	382.397315446671	16.6548916582643	0.11658424160785	621.609375
246.001	4	246	384.059860782309	9.98752558054989	0.0699126790638492	621.221354166667
247.001	5	247	385.722406117947	15.0227278850172	0.105159095195121	621.609375
248	4	248	387.384951453585	17.9761546308821	0.125833082416175	621.609375
249.001	1	249	389.047496789223	13.0161830203492	0.0911132811424444	621.609375
250	4	250	390.710042124861	14.0038020322518	0.0980266142257623	621.609375
251.001	3	251	392.372587460499	12.2195352821863	0.085536746975304	621.609375
252	5	252	394.035132796137	9.98055233929176	0.0698638663750423	621.609375
253	5	253	395.697678131776	8.00138824085979	0.0560097176860185	622.7734375
254.001	2	254	397.360223467414	13.0349257801353	0.091244480460947	621.609375
255.001	2	255	399.022768803052	17.7574829478221	0.124302380634755	621.609375
256	3	256	400.68531413869	12.9975915462865	0.0909831408240053	621.609375
256.999	2	257	402.347859474328	15.5331981057487	0.108732386740241	621.609375
258	4	258	404.010404809966	18.034612027403	0.126242284191821	621.609375
259.001	8	259	405.672950145604	13.3320771553969	0.0933245400877784	621.609375
260	2	260	407.335495481242	6.66661925959638	0.0466663348171746	621.609375
261	6	261	408.99804081688	17.7514779769617	0.124260345838732	621.609375
262.001	4	262	410.660586152518	12.0066877250629	0.08404681407544	621.609375
263.001	3	263	412.323131488156	14.0085003580172	0.0980595025061207	621.609375
264	2	264	413.985676823794	9.98432239510138	0.0698902567657097	621.609375
265	4	265	415.648222159432	7.01638606802326	0.0491147024761628	621.609375
266	6	266	417.31076749507	17.7438456303174	0.124206919412222	621.221354166667
267.001	5	267	418.973312830708	12.2195339247588	0.0855367374733114	621.609375
268	2	268	420.635858166346	8.01657105402578	0.0561159973781804	621.609375
269	1	269	422.298403501984	13.9830134352788	0.0978810940469518	621.609375
270.001	6	270	423.960948837622	18.8802207697533	0.132161545388273	621.609375
271	2	271	425.62349417326	11.9848307996569	0.0838938155975981	621.609375
272	2	272	427.286039508898	9.01122438108909	0.0630785706676236	621.997395833333
273	2	273	428.948584844536	14.0076846157802	0.0980537923104615	620.4453125
274.001	2	274	430.611130180174	18.8752902908616	0.132127032036031	621.609375
275.001	4	275	432.273675515812	12.0233770520022	0.0841636393640155	621.609375
276.001	3	276	433.936220851451	13.3059024761619	0.0931413173331335	621.997395833333
277.001	1	277	435.598766187089	15.0083701680427	0.105058591176299	621.609375
278.002	2	278	437.261311522727	9.98631985139468	0.0699042389597628	621.997395833333
279.001	4	279	438.923856858365	12.0189141652218	0.0841323991565527	621.609375
280.001	3	280	440.586402194003	11.0872624096679	0.0776108368676754	621.609375
281	3	281	442.248947529641	14.0109145023974	0.0980764015167816	620.833333333333
282	2	282	443.911492865279	12.0168067058588	0.0841176469410117	621.609375
283.001	4	283	445.574038200917	15.5246528715341	0.108672570100738	621.609375
284	2	284	447.236583536555	12.017200218673	0.0841204015307109	621.609375
285	3	285	448.899128872193	9.99385599941725	0.0699569919959207	621.997395833333
286.001	1	286	450.561674207831	16.0118119136487	0.112082683395541	621.609375
287.001	4	287	452.224219543469	9.99533717520777	0.0699673602264543	621.609375
288.001	8	288	453.886764879107	18.8592254227684	0.132014577959379	621.609375
289.001	4	289	455.549310214745	15.0115589003533	0.105080912302473	621.609375
290	3	290	457.211855550383	15.0059798829834	0.105041859180884	621.609375
291.001	3	291	458.874400886021	17.0265563198921	0.119185894239245	621.609375
292	3	292	460.536946221659	14.4090030998199	0.100863021698739	621.609375
293.001	3	293	462.199491557297	10.0267885710252	0.0701875199971765	621.609375
294.001	1	294	463.862036892935	12.203045813673	0.0854213206957112	621.609375
295	3	295	465.524582228573	12.2196995331408	0.0855378967319858	621.997395833333
296	3	296	467.187127564211	8.99931965143435	0.0629952375600405	621.997395833333
297	3	297	468.84967289985	13.3299090278142	0.0933093631946993	623.161458333333
298.001	5	298	470.512218235488	9.99479271299653	0.0699635489909757	621.609375
299	1	299	472.174763571126	18.0132018756547	0.126092413129583	621.609375
300	5	300	473.837308906764	12.0006264326998	0.0840043850288985	621.609375
	4	301	475.499854242402			
	2	302	477.16239957804			
	1	303	478.824944913678			
	2	304	480.487490249316			
	5	305	482.150035584954			
	3	306	483.812580920592			
	5	307	485.47512625623			
	2	308	487.137671591868			
	1	309	488.800216927506			
	4	310	490.462762263144			
	4	311	492.125307598782			
	2	312	493.78785293442			
	7	313	495.450398270058			
	4	314	497.112943605696			
	4	315	498.775488941334			
	1	316	500.438034276972			
	3	317	502.10057961261			
	3	318	503.763124948249			
	3	319	505.425670283887			
	1	320	507.088215619525			
	3	321	508.750760955163			
	1	322	510.413306290801			
	6	323	512.075851626439			
	5	324	513.738396962077			
	5	325	515.400942297715			
	6	326	517.063487633353			
	7	327	518.726032968991			
	2	328	520.388578304629			
	3	329	522.051123640267			
	2	330	523.713668975905			
	2	331	525.376214311543			
	3	332	527.038759647181			
	3	333	528.701304982819			
	5	334	530.363850318457			
	2	335	532.026395654095			
	3	336	533.688940989733			
	6	337	535.351486325371			
	0	338	537.014031661009			
	3	339	538.676576996647			
	0	340	540.339122332285			
	2	341	542.001667667924			
	2	342	543.664213003562			
	0	343	545.3267583392			
	5	344	546.989303674838			
	3	345	548.651849010476			
	2	346	550.314394346114			
	1	347	551.976939681752			
	4	348	553.63948501739			
	1	349	555.302030353028			
	3	350	556.964575688666			
	2	351	558.627121024304			
	2	352	560.289666359942			
	1	353	561.95221169558			
	1	354	563.614757031218			
	5	355	565.277302366856			
	4	356	566.939847702494			
	4	357	568.602393038132			
	2	358	570.26493837377			
	2	359	571.927483709408			
	2	360	573.590029045046			
	0	361	575.252574380684			
	2	362	576.915119716322			
	3	363	578.57766505196			
	1	364	580.240210387598			
	3	365	581.902755723237			
	1	366	583.565301058875			
	2	367	585.227846394513			
	2	368	586.890391730151			
	2	369	588.552937065789			
	0	370	590.215482401427			
	2	371	591.878027737065			
	0	372	593.540573072703			
	1	373	595.203118408341			
	4	374	596.865663743979			
	1	375	598.528209079617			
	2	376	600.190754415255			
	2	377	601.853299750893			
	2	378	603.515845086531			
	3	379	605.178390422169			
	5	380	606.840935757807			
	2	381	608.503481093445			
	1	382	610.166026429083			
	3	383	611.828571764721			
	3	384	613.491117100359			
	3	385	615.153662435997			
	1	386	616.816207771636			
	2	387	618.478753107274			
	1	388	620.141298442912			
	2	389	621.80384377855			
	3	390	623.466389114188			
	2	391	625.128934449826			
	1	392	626.791479785464			
	2	393	628.454025121102			
	2	394	630.11657045674			
	3	395	631.779115792378			
	4	396	633.441661128016			
	3	397	635.104206463654			
	4	398	636.766751799292			
	1	399	638.42929713493			
	1	400	640.091842470568			
	1	401	641.754387806206			
	2	402	643.416933141844			
	1	403	645.079478477482			
	3	404	646.74202381312			
	4	405	648.404569148758			
	3	406	650.067114484396			
	3	407	651.729659820034			
	1	408	653.392205155673			
	3	409	655.054750491311			
	4	410	656.717295826949			
	1	411	658.379841162587			
	2	412	660.042386498225			
	3	413	661.704931833863			
	2	414	663.367477169501			
	1	415	665.030022505139			
	3	416	666.692567840777			
	1	417	668.355113176415			
	2	418	670.017658512053			
	4	419	671.680203847691			
	1	420	673.342749183329			
	1	421	675.005294518967			
	1	422	676.667839854605			
	0	423	678.330385190243			
	2	424	679.992930525881			
	2	425	681.655475861519			
	2	426	683.318021197157			
	2	427	684.980566532795			
	2	428	686.643111868433			
	1	429	688.305657204072			
	2	430	689.96820253971			
	2	431	691.630747875348			
	0	432	693.293293210986			
	1	433	694.955838546624			
	3	434	696.618383882262			
	1	435	698.2809292179			
	1	436	699.943474553538			
	1	437	701.606019889176			
	1	438	703.268565224814			
	1	439	704.931110560452			
	1	440	706.59365589609			
	1	441	708.256201231728			
	3	442	709.918746567366			
	3	443	711.581291903004			
	0	444	713.243837238642			
	0	445	714.90638257428			
	3	446	716.568927909918			
	3	447	718.231473245556			
	0	448	719.894018581194			
	3	449	721.556563916832			
	1	450	723.21910925247			
	4	451	724.881654588108			
	2	452	726.544199923746			
	4	453	728.206745259384			
	1	454	729.869290595023			
	4	455	731.531835930661			
	2	456	733.194381266299			
	0	457	734.856926601937			
	2	458	736.519471937575			
	1	459	738.182017273213			
	5	460	739.844562608851			
	2	461	741.507107944489			
	1	462	743.169653280127			
	0	463	744.832198615765			
	0	464	746.494743951403			
	2	465	748.157289287041			
	2	466	749.819834622679			
	0	467	751.482379958317			
	1	468	753.144925293955			
	0	469	754.807470629593			
	3	470	756.470015965231			
	0	471	758.132561300869			
	0	472	759.795106636507			
	4	473	761.457651972145			
	1	474	763.120197307783			
	1	475	764.782742643421			
	0	476	766.44528797906			
	2	477	768.107833314698			
	1	478	769.770378650336			
	4	479	771.432923985974			
	0	480	773.095469321612			
	0	481	774.75801465725			
	1	482	776.420559992888			
	2	483	778.083105328526			
	0	484	779.745650664164			
	1	485	781.408195999802			
	0	486	783.07074133544			
	1	487	784.733286671078			
	0	488	786.395832006716			
	1	489	788.058377342354			
	2	490	789.720922677992			
	2	491	791.38346801363			
	2	492	793.046013349268			
	3	493	794.708558684906			
	1	494	796.371104020544			
	2	495	798.033649356182			
	3	496	799.69619469182			
	1	497	801.358740027458			
	3	498	803.021285363096			
	1	499	804.683830698734			
	0	500	806.346376034373			
	0	501	808.008921370011			
	0	502	809.671466705649			
	1	503	811.334012041287			
	2	504	812.996557376925			
	2	505	814.659102712563			
	2	506	816.321648048201			
	2	507	817.984193383839			
	2	508	819.646738719477			
	3	509	821.309284055115			
	1	510	822.971829390753			
	28	511	824.634374726391			
