MIN=0	0	0	0	0	0	0
MAX=300	100	511	824.634374726391	1000	100	2000
SCALE=300	5	100	500	500	50	500
DEC=0	0	0	1	0	0	0
DEF="Time" t / s	"Events" N	"Channel" n	"Energy" E / keV	"Rate" R / 1/s	"Dead time" t / %	"Voltage" U / V
0	0	0	-24.9262917846498			621.609375
1.001	0	1	-23.2637464490117	23.2896454871336	0.163027518409935	622.7734375
2.001	0	2	-21.6012011133737	21.0221321006756	0.147154924704729	623.161458333333
3.001	0	3	-19.9386557777357	27.9959993716898	0.195971995601828	623.161458333333
4.001	3	4	-18.2761104420976	23.0164890127287	0.161115423089101	623.161458333333
5	4	5	-16.6135651064596	23.0208430713168	0.161145901499217	622.7734375
6	2	6	-14.9510197708215	22.1640538941134	0.155148377258794	622.385416666667
7.001	6	7	-13.2884744351835	17.0549202542026	0.119384441779418	622.7734375
8.001	5	8	-11.6259290995454	17.7636477828359	0.124345534479851	622.7734375
9.001	4	9	-9.96338376390739	11.0760688904902	0.0775324822334317	622.7734375
10	7	10	-8.30083842826934	22.0413054063315	0.15428913784432	622.7734375
11.001	4	11	-6.63829309263129	22.208196512336	0.155457375586352	622.7734375
12	5	12	-4.97574775699325	16.6616404051444	0.116631482836011	622.7734375
13.001	6	13	-3.3132024213552	21.094441814424	0.147661092700968	622.7734375
14.001	6	14	-1.65065708571716	25.5492079967688	0.178844455977382	622.7734375
15	6	15	0.0118882499208794	19.0424914153442	0.133297439907409	622.7734375
16	6	16	1.67443358555892	14.9700299999401	0.104790209999581	623.161458333333
16.999	7	17	3.33697892119698	17.0111576182818	0.119078103327973	623.161458333333
18	7	18	4.99952425683502	22.2141560153491	0.155499092107444	622.7734375
19.001	4	19	6.66206959247306	16.9964953226645	0.118975467258651	622.7734375
20.001	11	20	8.3246149281111	20.9956497013819	0.146969547909673	622.7734375
21	6	21	9.98716026374915	21.1035115021357	0.14772458051495	622.7734375
22.001	12	22	11.6497055993872	22.9900958667006	0.160930671066904	622.7734375
23.001	12	23	13.3122509350252	25.9856870835544	0.181899809584881	622.7734375
24.001	12	24	14.9747962706633	26.0433987196264	0.182303791037385	622.7734375
25	12	25	16.6373416063013	10.9873502636415	0.0769114518454903	622.7734375
26	14	26	18.2998869419394	24.4198455200572	0.170938918640401	622.7734375
27.001	11	27	19.9624322775774	19.0276757543848	0.133193730280693	622.7734375
28	14	28	21.6249776132155	18.9926346562803	0.132948442593962	622.7734375
29.001	9	29	23.2875229488535	17.9760271701659	0.125832190191161	622.7734375
30.001	12	30	24.9500682844916	20.0628247293575	0.140439773105503	622.7734375
31.001	8	31	26.6126136201296	21.0752527394224	0.147526769175957	622.7734375
32.001	9	32	28.2751589557676	18.9993198243503	0.132995238770452	622.7734375
33.001	9	33	29.9377042914057	21.0031735795279	0.147022215056695	622.7734375
34	9	34	31.6002496270437	24.4180431136068	0.170926301795248	622.7734375
35.001	8	35	33.2627949626818	16.6616237485454	0.116631366239818	622.7734375
36.001	8	36	34.9253402983198	24.0071949563284	0.168050364694299	622.7734375
37.001	15	37	36.5878856339579	23.3213876003514	0.16324971320246	622.7734375
38	15	38	38.2504309695959	22.0045615456084	0.154031930819259	622.7734375
39	9	39	39.912976305234	22.0157258329625	0.154110080830737	622.385416666667
40	15	40	41.575521640872	16.9961401765659	0.118972981235961	622.7734375
41	15	41	43.23806697651	19.9794101079166	0.139855870755416	622.7734375
42	16	42	44.9006123121481	18.0096820050459	0.126067774035321	622.7734375
43.001	17	43	46.5631576477861	22.0329568969264	0.154230698278485	622.7734375
44.001	17	44	48.2257029834242	22.2119380948843	0.15548356666419	622.7734375
45	12	45	49.8882483190622	17.7622713149199	0.124335899204439	622.7734375
46	20	46	51.5507936547003	23.3232706377904	0.163262894464533	622.7734375
47	15	47	53.2133389903383	14.0027011210463	0.0980189078473237	622.7734375
48	16	48	54.8758843259764	19.0086261145308	0.133060382801715	622.7734375
49.001	17	49	56.5384296616144	13.981128273057	0.0978678979113992	622.7734375
50.001	20	50	58.2009749972525	19.9629819770872	0.13974087383961	622.7734375
51.001	18	51	59.8635203328905	17.9888577015397	0.125922003910778	622.7734375
52	28	52	61.5260656685285	21.0320570613729	0.147224399429611	622.7734375
53.001	23	53	63.1886110041666	21.0635542863224	0.147444880004257	622.7734375
54	24	54	64.8511563398046	13.034572901163	0.0912420103081413	622.7734375
55	18	55	66.5137016754427	25.5165775657363	0.178616042960154	622.7734375
55.999	23	56	68.1762470110807	23.0045687073453	0.161031980951417	622.7734375
57	30	57	69.8387923467188	14.4322379782788	0.101025665847952	622.7734375
58	32	58	71.5013376823568	28.8785888588626	0.202150122012038	622.7734375
59.001	50	59	73.1638830179949	17.0253695030966	0.119177586521676	622.7734375
60	54	60	74.8264283536329	17.7571912740274	0.124300338918192	622.7734375
61.001	57	61	76.4889736892709	23.304112565522	0.163128787958654	622.7734375
62	61	62	78.151519024909	28.0945663102001	0.196661964171401	622.7734375
63.001	58	63	79.814064360547	14.4123497429391	0.100886448200574	622.7734375
64.001	54	64	81.4766096961851	19.0178539612989	0.133124977729092	622.7734375
65.001	42	65	83.1391550318231	17.9830725338239	0.125881507736767	622.7734375
66	44	66	84.8017003674612	15.5335031589043	0.10873452211233	622.7734375
67	38	67	86.4642457030992	20.0570542966523	0.140399380076566	622.7734375
68.001	31	68	88.1267910387373	17.7530950579489	0.124271665405642	622.7734375
69.001	35	69	89.7893363743753	17.7718163207253	0.124402714245077	622.7734375
70	46	70	91.4518817100133	27.0311831729083	0.189218282210358	622.7734375
71	33	71	93.1144270456514	17.7593080973565	0.124315156681496	622.7734375
72.001	29	72	94.7769723812894	19.0085766697934	0.133060036688554	621.997395833333
73	34	73	96.4395177169275	19.9925907458696	0.139948135221087	622.385416666667
74	29	74	98.1020630525655	23.3303859279111	0.163312701495378	622.7734375
75	16	75	99.7646083882036	27.0128716333333	0.189090101433333	622.7734375
76	25	76	101.427153723842	26.025314823729	0.182177203766103	622.7734375
77	27	77	103.08969905948	21.0989182806691	0.147692427964684	622.7734375
78	27	78	104.752244395118	12.9899899137724	0.0909299293964071	622.7734375
79.001	18	79	106.414789730756	18.0319797160264	0.126223858012185	622.7734375
80.001	25	80	108.077335066394	17.7312942049476	0.124119059434633	622.7734375
81	23	81	109.739880402032	17.0211095801012	0.119147767060709	622.7734375
82.001	21	82	111.40242573767	18.87253478902	0.13210774352314	622.7734375
83	24	83	113.064971073308	15.0191343771965	0.105133940640376	622.7734375
84	25	84	114.727516408946	17.7706024034295	0.124394216824007	623.9375
85.001	21	85	116.390061744584	27.9908162132004	0.195935713492403	622.7734375
86.001	23	86	118.052607080222	15.0308176855006	0.105215723798504	622.7734375
87	25	87	119.71515241586	21.0536533518192	0.147375573462734	622.385416666667
88	30	88	121.377697751498	19.0032134433933	0.133022494103753	622.385416666667
89.001	23	89	123.040243087136	19.9946503202254	0.139962552241578	622.7734375
90.001	25	90	124.702788422774	16.6664370402008	0.116665059281405	622.7734375
91.001	25	91	126.365333758412	19.0045515901058	0.133031861130741	622.7734375
92.001	22	92	128.02787909405	21.9806658063567	0.153864660644497	622.7734375
93	17	93	129.690424429688	19.054868493828	0.133384079456796	622.7734375
94.001	26	94	131.352969765326	21.0879331294981	0.147615531906487	622.7734375
95	25	95	133.015515100964	12.20651650432	0.08544561553024	622.7734375
96	18	96	134.678060436603	14.4320361005171	0.10102425270362	622.7734375
97	23	97	136.340605772241	19.0208792191188	0.133146154533832	622.7734375
98.001	30	98	138.003151107879	19.0366283766595	0.133256398636617	622.7734375
99.001	20	99	139.665696443517	19.9438359420055	0.139606851594039	623.161458333333
100	16	100	141.328241779155	16.0280844095023	0.112196590866516	623.549479166667
101.001	25	101	142.990787114793	24.4316097054792	0.171021267938354	622.7734375
102.001	21	102	144.653332450431	25.5090978197374	0.178563684738162	622.7734375
103	25	103	146.315877786069	18.8814076555889	0.132169853589122	622.7734375
104	17	104	147.978423121707	24.0624540996156	0.168437178697309	622.7734375
105.001	35	105	149.640968457345	23.284046181799	0.162988323272593	622.7734375
106	25	106	151.303513792983	11.0148303676069	0.0771038125732486	622.7734375
107.001	22	107	152.966059128621	22.002739341048	0.154019175387336	622.7734375
108.001	25	108	154.628604464259	15.9712310215609	0.111798617150926	622.7734375
109.001	31	109	156.291149799897	19.0331938901444	0.133232357231011	622.7734375
110.001	30	110	157.953695135535	12.2010344480679	0.0854072411364753	622.7734375
111	26	111	159.616240471173	17.0153069701503	0.119107148791052	622.7734375
112.001	18	112	161.278785806811	21.0990143428879	0.147693100400215	622.7734375
113.001	26	113	162.941331142449	19.9786893979755	0.139850825785828	622.7734375
114	24	114	164.603876478087	15.5345476689246	0.108741833682472	622.7734375
115	24	115	166.266421813725	16.0220639843128	0.11215444789019	622.7734375
116	23	116	167.928967149363	18.0270225067376	0.126189157547163	622.7734375
117	19	117	169.591512485001	18.871967025123	0.132103769175861	622.7734375
118	30	118	171.254057820639	15.5312905026935	0.108719033518855	622.7734375
119.001	20	119	172.916603156278	28.0653811118381	0.196457667782867	622.7734375
120	24	120	174.579148491916	19.9515509836946	0.139660856885862	622.7734375
121.001	24	121	176.241693827554	19.9803533185818	0.139862473230073	622.7734375
122.001	22	122	177.904239163192	24.0490914102958	0.168343639872071	622.7734375
123.001	30	123	179.56678449883	14.9778357985853	0.104844850590097	623.161458333333
124	30	124	181.229329834468	26.0327439853848	0.182229207897694	622.7734375
125	32	125	182.891875170106	23.3067998365416	0.163147598855791	622.385416666667
126	31	126	184.554420505744	18.008546856338	0.126059827994366	622.7734375
127.001	37	127	186.216965841382	26.9889291412663	0.188922503988864	622.7734375
127.999	22	128	187.87951117702	9.00481036969949	0.0630336725878965	622.7734375
129.001	21	129	189.542056512658	21.0855273379411	0.147598691365588	622.7734375
130.001	32	130	191.204601848296	19.0110301997219	0.133077211398053	622.7734375
131.001	26	131	192.867147183934	22.9869549030925	0.160908684321647	622.7734375
132.001	29	132	194.529692519572	20.0092702949276	0.140064892064493	622.7734375
133	35	133	196.19223785521	23.0198615365337	0.161139030755736	622.7734375
134.001	35	134	197.854783190848	19.9965445970936	0.139975812179655	622.7734375
135	37	135	199.517328526486	23.2928426085987	0.163049898260191	622.7734375
136.001	38	136	201.179873862124	19.027755787367	0.133194290511569	622.385416666667
137	37	137	202.842419197762	15.0030111043286	0.1050210777303	622.7734375
138	32	138	204.5049645334	29.9699035568504	0.209789324897952	622.385416666667
139.001	40	139	206.167509869038	12.0044812728592	0.0840313689100141	622.7734375
140	39	140	207.830055204676	16.993168746164	0.118952181223148	622.7734375
141	41	141	209.492600540315	19.9867399084452	0.139907179359116	622.7734375
142	33	142	211.155145875953	19.9914316723852	0.139940021706697	622.7734375
143.001	30	143	212.817691211591	15.5315144968383	0.108720601477868	622.7734375
144.001	27	144	214.480236547229	26.0463912274152	0.182324738591906	622.7734375
145	34	145	216.142781882867	16.6427233353615	0.116499063347531	622.7734375
146.001	30	146	217.805327218505	24.0406118055231	0.168284282638661	622.7734375
147	36	147	219.467872554143	19.9823711081557	0.13987659775709	622.7734375
148.001	23	148	221.130417889781	18.9919531094675	0.132943671766273	622.7734375
149.001	27	149	222.792963225419	17.0246346463332	0.119172442524333	622.7734375
150.001	32	150	224.455508561057	24.4179861998421	0.170925903398895	622.7734375
151.001	23	151	226.118053896695	25.5212918034599	0.178649042624219	622.7734375
152.001	21	152	227.780599232333	14.0233362338267	0.098163353636787	622.7734375
153	21	153	229.443144567971	22.9859372036188	0.160901560425332	622.7734375
154.001	23	154	231.105689903609	17.9818203795962	0.125872742657174	621.997395833333
155	28	155	232.768235239247	27.0412812199103	0.189288968539372	622.7734375
156.001	19	156	234.430780574885	22.2220839514776	0.155554587660343	621.997395833333
157	29	157	236.093325910523	23.3025454923944	0.163117818446761	622.7734375
158	16	158	237.755871246161	22.0192249853347	0.154134574897343	622.7734375
159.001	21	159	239.418416581799	13.3140486734991	0.093198340714494	622.7734375
160.001	20	160	241.080961917437	19.011401137262	0.133079807960834	622.7734375
161.001	24	161	242.743507253075	14.0090316226871	0.09806322135881	622.7734375
161.999	9	162	244.406052588713	23.319362444189	0.163235537109323	622.7734375
163.001	14	163	246.068597924352	16.6522365785471	0.11656565604983	622.7734375
164.001	20	164	247.73114325999	16.9975897417746	0.118983128192422	622.7734375
165	6	165	249.393688595628	18.0088315309828	0.12606182071688	622.7734375
166	6	166	251.056233931266	19.0207421192811	0.133145194834968	622.7734375
167.001	10	167	252.718779266904	24.4370481645333	0.171059337151733	623.161458333333
168.001	12	168	254.381324602542	21.1047023165077	0.147732916215554	622.7734375
169.001	12	169	256.04386993818	22.2206815882988	0.155544771118091	622.7734375
170.001	10	170	257.706415273818	22.2195731553338	0.155537012087337	621.997395833333
171	19	171	259.368960609456	21.0152023974143	0.1471064167819	622.7734375
172	20	172	261.031505945094	19.9873946164619	0.139911762315233	622.7734375
173.001	10	173	262.694051280732	28.9505351157013	0.202653745809909	622.7734375
174	9	174	264.35659661637	32.0811106721123	0.224567774704786	622.7734375
175	10	175	266.019141952008	22.197341468807	0.155381390281649	622.7734375
176.001	11	176	267.681687287646	17.0226281796392	0.119158397257474	622.7734375
177.001	12	177	269.344232623284	17.7662928564623	0.124364049995236	622.7734375
178.001	8	178	271.006777958922	17.765989057039	0.124361923399273	622.7734375
179	6	179	272.66932329456	13.0158624315453	0.0911110370208173	622.7734375
180.001	10	180	274.331868630198	16.6483423911415	0.11653839673799	622.7734375
181	8	181	275.994413965836	21.042375135047	0.147296625945329	622.7734375
182	12	182	277.656959301474	26.6259171796408	0.186381420257486	622.7734375
183	9	183	279.319504637112	22.220691463477	0.155544840244339	622.7734375
184	14	184	280.98204997275	18.0196486248605	0.126137540374024	622.7734375
185.002	14	185	282.644595308388	27.7659895726492	0.194361927008544	621.997395833333
186	13	186	284.307140644027	22.9717218104513	0.160802052673159	622.385416666667
187.001	10	187	285.969685979665	17.9995194128317	0.125996635889822	622.385416666667
188.001	7	188	287.632231315303	16.9988967715995	0.118992277401197	622.385416666667
189	11	189	289.294776650941	18.0154175943773	0.126107923160641	621.997395833333
190	4	190	290.957321986579	19.0201670831583	0.133141169582108	622.7734375
191	7	191	292.619867322217	26.6568066100883	0.186597646270618	622.385416666667
192	9	192	294.282412657855	22.2163719109523	0.155514603376666	622.7734375
193	12	193	295.944957993493	14.4351369888948	0.101045958922264	622.7734375
194	8	194	297.607503329131	17.9847704963437	0.125893393474406	622.7734375
195.001	8	195	299.270048664769	21.0577424355325	0.147404197048727	622.7734375
196	11	196	300.932594000407	14.4189229508215	0.10093246065575	622.7734375
197	15	197	302.595139336045	14.009293765484	0.0980650563583882	622.7734375
198.001	5	198	304.257684671683	23.3096584901935	0.163167609431354	622.7734375
199	8	199	305.920230007321	28.8707099651808	0.202094969756266	622.7734375
200.001	11	200	307.582775342959	25.5385638977089	0.178769947283963	623.161458333333
201.001	8	201	309.245320678597	6.66215638679281	0.0466350947075497	622.7734375
202.001	9	202	310.907866014235	18.028819067279	0.126201733470953	622.7734375
203.001	9	203	312.570411349873	21.0857402798344	0.147600181958841	622.7734375
204	5	204	314.232956685511	23.0093095666507	0.161065166966555	622.7734375
205.001	9	205	315.895502021149	19.9913570699601	0.139939499489721	622.7734375
206.001	7	206	317.558047356787	14.4439132294135	0.101107392605894	622.7734375
207	7	207	319.220592692425	23.0050035882805	0.161035025117963	622.7734375
208.001	11	208	320.883138028064	18.8579241773896	0.132005469241727	622.7734375
209	8	209	322.545683363702	17.0294302613777	0.119206011829644	622.7734375
210.001	13	210	324.20822869934	15.546469507821	0.108825286554747	622.7734375
211	6	211	325.870774034978	22.9739613122487	0.160817729185741	622.7734375
212.001	9	212	327.533319370616	21.0036126213709	0.147025288349596	622.7734375
213.001	9	213	329.195864706254	22.005076571165	0.154035535998155	622.7734375
214.001	7	214	330.858410041892	13.0291618700977	0.0912041330906836	622.7734375
215.001	5	215	332.52095537753	25.502979745977	0.178520858221839	622.7734375
216	7	216	334.183500713168	16.0278676534891	0.112195073574424	622.7734375
217	12	217	335.846046048806	13.3250318384979	0.0932752228694856	622.7734375
218	5	218	337.508591384444	23.2976413467901	0.16308348942753	622.7734375
219.001	9	219	339.171136720082	19.9563289002566	0.139694302301796	622.7734375
220	14	220	340.83368205572	25.0224651692289	0.175157256184603	622.7734375
221.001	7	221	342.496227391358	16.9725045426409	0.118807531798486	622.7734375
222	8	222	344.158772726996	22.0287695730624	0.154201387011437	622.385416666667
222.999	10	223	345.821318062634	16.0205479548068	0.112143835683648	622.385416666667
224.001	17	224	347.483863398272	21.10690380162	0.14774832661134	622.385416666667
225.001	10	225	349.14640873391	25.5178288632384	0.178624802042669	622.7734375
226	3	226	350.808954069548	16.6614812434486	0.11663036870414	622.7734375
227	16	227	352.471499405186	29.0030308167204	0.203021215717042	623.549479166667
228.001	11	228	354.134044740824	18.0417811568029	0.12629246809762	622.7734375
229	4	229	355.796590076463	17.746803689738	0.124227625828166	622.385416666667
230.001	12	230	357.459135412101	20.971694503928	0.146801861527496	622.7734375
231.001	7	231	359.121680747739	17.0167938738741	0.119117557117119	622.7734375
232	16	232	360.784226083377	14.4248314819062	0.100973820373343	622.7734375
233	5	233	362.446771419015	18.0417287143434	0.126292101000404	622.7734375
234	6	234	364.109316754653	17.7509324509345	0.124256527156541	622.7734375
235.001	8	235	365.771862090291	22.0159131019901	0.154111391713931	622.7734375
236	8	236	367.434407425929	29.9984800770094	0.209989360539066	622.7734375
237	4	237	369.096952761567	18.8831672892003	0.132182171024402	622.7734375
238.001	6	238	370.759498097205	12.1966931881912	0.0853768523173384	622.7734375
239	7	239	372.422043432843	20.0153217287834	0.140107252101484	622.7734375
240.001	6	240	374.084588768481	15.5315920347783	0.108721144243448	622.7734375
241	10	241	375.747134104119	17.0319690058239	0.119223783040768	622.7734375
242.001	4	242	377.409679439757	11.1078972261803	0.0777552805832623	622.7734375
243.001	8	243	379.072224775395	22.9866907060812	0.160906834942568	622.385416666667
244.001	9	244	380.734770111033	17.7684394756978	0.124379076329884	622.7734375
245.001	2	245	382.397315446671	21.0364287837248	0.147255001486073	622.7734375
246	11	246	384.059860782309	19.9657033584531	0.139759923509172	622.7734375
247.001	8	247	385.722406117947	19.0118805241395	0.133083163668977	622.7734375
248.001	9	248	387.384951453585	14.4300224386849	0.101010157070794	622.385416666667
249	5	249	389.047496789223	12.010516408167	0.0840736148571689	622.7734375
250.001	11	250	390.710042124861	23.0253025049227	0.161177117534459	622.7734375
251	7	251	392.372587460499	19.967238199279	0.139770667394953	622.7734375
252.001	8	252	394.035132796137	26.9813019577433	0.188869113704203	622.7734375
253.001	8	253	395.697678131776	20.0389878547702	0.140272914983392	622.7734375
254.001	10	254	397.360223467414	13.3247669886893	0.0932733689208249	622.7734375
255.001	7	255	399.022768803052	19.9807563115879	0.139865294181115	622.7734375
256.001	9	256	400.68531413869	17.9984269374857	0.1259889885624	623.161458333333
257	8	257	402.347859474328	16.0326970824299	0.112228879577009	622.7734375
258.001	5	258	404.010404809966	12.2174316315303	0.0855220214207118	623.161458333333
259	6	259	405.672950145604	22.2064827607188	0.155445379325032	622.7734375
260.001	5	260	407.335495481242	25.98340439961	0.18188383079727	622.7734375
261	4	261	408.99804081688	16.9942508449392	0.118959755914574	622.7734375
262.001	5	262	410.660586152518	23.3008260919544	0.163105782643681	622.7734375
263.001	5	263	412.323131488156	11.9913961732457	0.0839397732127199	622.7734375
264	6	264	413.985676823794	16.0185558951489	0.112129891266043	622.7734375
265.001	6	265	415.648222159432	15.0084632724393	0.105059242907075	622.7734375
266.001	10	266	417.31076749507	18.8858419730506	0.132200893811354	622.7734375
267	4	267	418.973312830708	19.9839484485184	0.139887639139629	622.7734375
268.001	9	268	420.635858166346	14.9945914508637	0.104962140156046	622.7734375
269	6	269	422.298403501984	19.9933122370567	0.139953185659397	622.7734375
270.001	6	270	423.960948837622	24.443784462264	0.171106491235848	622.7734375
271	7	271	425.62349417326	19.9961851722288	0.139973296205602	622.7734375
272.001	13	272	427.286039508898	16.0116677022546	0.112081673915782	621.997395833333
272.999	6	273	428.948584844536	19.987414591279	0.139911902138953	622.7734375
274.001	6	274	430.611130180174	17.0040843810683	0.119028590667478	622.7734375
275.001	9	275	432.273675515812	21.0085546834671	0.14705988278427	622.7734375
276	6	276	433.936220851451	16.6507263712872	0.116555084599011	622.7734375
277	13	277	435.598766187089	18.046670494566	0.126326693461962	622.7734375
278	3	278	437.261311522727	18.8508980456941	0.131956286319859	622.7734375
279	9	279	438.923856858365	17.0154840905224	0.119108388633657	622.7734375
280.001	9	280	440.586402194003	22.2147087140749	0.155502960998524	622.7734375
281	5	281	442.248947529641	25.5454565850523	0.178818196095366	622.7734375
282.001	3	282	443.911492865279	17.7578514953054	0.124304960467138	622.7734375
283.001	6	283	445.574038200917	19.9973714566185	0.13998160019633	622.7734375
284	6	284	447.236583536555	17.0208045293763	0.119145631705634	622.7734375
285.001	10	285	448.899128872193	27.7407223373401	0.19418505636138	622.7734375
286	7	286	450.561674207831	18.0100243795697	0.126070170656988	622.7734375
287.001	1	287	452.224219543469	14.4395414179363	0.101076789925554	622.7734375
288	6	288	453.886764879107	15.9838099988522	0.111886669991965	622.7734375
289	10	289	455.549310214745	25.0295473806829	0.17520683166478	622.7734375
290.001	5	290	457.211855550383	14.4124056666475	0.100886839666532	622.7734375
291.001	7	291	458.874400886021	15.0292228208529	0.10520455974597	622.7734375
292.001	9	292	460.536946221659	23.3319126790947	0.163323388753663	622.7734375
293	4	293	462.199491557297	19.9876795942981	0.139913757160086	622.7734375
294.001	9	294	463.862036892935	17.7689209578426	0.124382446704898	622.7734375
295.001	7	295	465.524582228573	20.020082144399	0.140140575010793	622.7734375
296.001	9	296	467.187127564211	19.9957653412511	0.139970357388757	622.7734375
297.001	7	297	468.84967289985	21.0027177516771	0.147019024261739	622.7734375
298	8	298	470.512218235488	19.0051047711415	0.133035733397991	622.7734375
299.001	7	299	472.174763571126	18.9824715857377	0.132877301100164	622.7734375
300	4	300	473.837308906764	11.0092631940515	0.0770648423583603	622.7734375
	7	301	475.499854242402			
	3	302	477.16239957804			
	7	303	478.824944913678			
	4	304	480.487490249316			
	6	305	482.150035584954			
	5	306	483.812580920592			
	6	307	485.47512625623			
	8	308	487.137671591868			
	10	309	488.800216927506			
	9	310	490.462762263144			
	4	311	492.125307598782			
	4	312	493.78785293442			
	7	313	495.450398270058			
	9	314	497.112943605696			
	5	315	498.775488941334			
	4	316	500.438034276972			
	8	317	502.10057961261			
	4	318	503.763124948249			
	7	319	505.425670283887			
	8	320	507.088215619525			
	7	321	508.750760955163			
	4	322	510.413306290801			
	4	323	512.075851626439			
	6	324	513.738396962077			
	4	325	515.400942297715			
	7	326	517.063487633353			
	6	327	518.726032968991			
	3	328	520.388578304629			
	7	329	522.051123640267			
	5	330	523.713668975905			
	5	331	525.376214311543			
	5	332	527.038759647181			
	5	333	528.701304982819			
	5	334	530.363850318457			
	11	335	532.026395654095			
	12	336	533.688940989733			
	12	337	535.351486325371			
	8	338	537.014031661009			
	5	339	538.676576996647			
	2	340	540.339122332285			
	6	341	542.001667667924			
	6	342	543.664213003562			
	6	343	545.3267583392			
	6	344	546.989303674838			
	5	345	548.651849010476			
	6	346	550.314394346114			
	4	347	551.976939681752			
	5	348	553.63948501739			
	8	349	555.302030353028			
	3	350	556.964575688666			
	4	351	558.627121024304			
	7	352	560.289666359942			
	13	353	561.95221169558			
	8	354	563.614757031218			
	8	355	565.277302366856			
	6	356	566.939847702494			
	4	357	568.602393038132			
	8	358	570.26493837377			
	4	359	571.927483709408			
	8	360	573.590029045046			
	1	361	575.252574380684			
	5	362	576.915119716322			
	7	363	578.57766505196			
	6	364	580.240210387598			
	7	365	581.902755723237			
	6	366	583.565301058875			
	6	367	585.227846394513			
	3	368	586.890391730151			
	7	369	588.552937065789			
	7	370	590.215482401427			
	6	371	591.878027737065			
	8	372	593.540573072703			
	3	373	595.203118408341			
	9	374	596.865663743979			
	7	375	598.528209079617			
	4	376	600.190754415255			
	10	377	601.853299750893			
	5	378	603.515845086531			
	7	379	605.178390422169			
	7	380	606.840935757807			
	9	381	608.503481093445			
	7	382	610.166026429083			
	9	383	611.828571764721			
	5	384	613.491117100359			
	9	385	615.153662435997			
	7	386	616.816207771636			
	13	387	618.478753107274			
	10	388	620.141298442912			
	7	389	621.80384377855			
	13	390	623.466389114188			
	10	391	625.128934449826			
	9	392	626.791479785464			
	15	393	628.454025121102			
	19	394	630.11657045674			
	11	395	631.779115792378			
	10	396	633.441661128016			
	15	397	635.104206463654			
	12	398	636.766751799292			
	9	399	638.42929713493			
	17	400	640.091842470568			
	16	401	641.754387806206			
	9	402	643.416933141844			
	10	403	645.079478477482			
	13	404	646.74202381312			
	5	405	648.404569148758			
	12	406	650.067114484396			
	9	407	651.729659820034			
	8	408	653.392205155673			
	3	409	655.054750491311			
	11	410	656.717295826949			
	4	411	658.379841162587			
	6	412	660.042386498225			
	5	413	661.704931833863			
	7	414	663.367477169501			
	7	415	665.030022505139			
	1	416	666.692567840777			
	4	417	668.355113176415			
	4	418	670.017658512053			
	5	419	671.680203847691			
	0	420	673.342749183329			
	3	421	675.005294518967			
	2	422	676.667839854605			
	1	423	678.330385190243			
	2	424	679.992930525881			
	4	425	681.655475861519			
	3	426	683.318021197157			
	2	427	684.980566532795			
	0	428	686.643111868433			
	0	429	688.305657204072			
	1	430	689.96820253971			
	1	431	691.630747875348			
	1	432	693.293293210986			
	1	433	694.955838546624			
	3	434	696.618383882262			
	0	435	698.2809292179			
	0	436	699.943474553538			
	2	437	701.606019889176			
	1	438	703.268565224814			
	2	439	704.931110560452			
	2	440	706.59365589609			
	5	441	708.256201231728			
	2	442	709.918746567366			
	0	443	711.581291903004			
	2	444	713.243837238642			
	2	445	714.90638257428			
	3	446	716.568927909918			
	1	447	718.231473245556			
	1	448	719.894018581194			
	1	449	721.556563916832			
	1	450	723.21910925247			
	1	451	724.881654588108			
	5	452	726.544199923746			
	0	453	728.206745259384			
	5	454	729.869290595023			
	1	455	731.531835930661			
	3	456	733.194381266299			
	1	457	734.856926601937			
	3	458	736.519471937575			
	3	459	738.182017273213			
	3	460	739.844562608851			
	2	461	741.507107944489			
	2	462	743.169653280127			
	0	463	744.832198615765			
	2	464	746.494743951403			
	3	465	748.157289287041			
	3	466	749.819834622679			
	1	467	751.482379958317			
	3	468	753.144925293955			
	0	469	754.807470629593			
	1	470	756.470015965231			
	1	471	758.132561300869			
	1	472	759.795106636507			
	5	473	761.457651972145			
	0	474	763.120197307783			
	1	475	764.782742643421			
	2	476	766.44528797906			
	3	477	768.107833314698			
	2	478	769.770378650336			
	1	479	771.432923985974			
	3	480	773.095469321612			
	0	481	774.75801465725			
	0	482	776.420559992888			
	3	483	778.083105328526			
	0	484	779.745650664164			
	0	485	781.408195999802			
	2	486	783.07074133544			
	0	487	784.733286671078			
	1	488	786.395832006716			
	3	489	788.058377342354			
	0	490	789.720922677992			
	2	491	791.38346801363			
	2	492	793.046013349268			
	2	493	794.708558684906			
	1	494	796.371104020544			
	0	495	798.033649356182			
	3	496	799.69619469182			
	0	497	801.358740027458			
	4	498	803.021285363096			
	1	499	804.683830698734			
	2	500	806.346376034373			
	2	501	808.008921370011			
	2	502	809.671466705649			
	2	503	811.334012041287			
	4	504	812.996557376925			
	2	505	814.659102712563			
	3	506	816.321648048201			
	2	507	817.984193383839			
	2	508	819.646738719477			
	2	509	821.309284055115			
	4	510	822.971829390753			
	37	511	824.634374726391			
