MIN=0	0	0	0	0	0	0
MAX=300	100	511	824.634374726391	1000	100	2000
SCALE=300	5	100	500	500	50	500
DEC=0	0	0	1	0	0	0
DEF="Time" t / s	"Events" N	"Channel" n	"Energy" E / keV	"Rate" R / 1/s	"Dead time" t / %	"Voltage" U / V
0	0	0	-24.9262917846498			621.609375
1	0	1	-23.2637464490117	23.2143985829931	0.162500790080952	623.161458333333
2.001	0	2	-21.6012011133737	19.0299874542304	0.133209912179613	623.161458333333
3.001	0	3	-19.9386557777357	27.7293776895417	0.194105643826792	622.7734375
4.001	5	4	-18.2761104420976	23.0283248395527	0.161198273876869	623.161458333333
5	5	5	-16.6135651064596	20.0212365255827	0.140148655679079	622.7734375
6	12	6	-14.9510197708215	23.3153416613513	0.163207391629459	622.7734375
7.001	2	7	-13.2884744351835	29.9777498478907	0.209844248935235	623.161458333333
8	5	8	-11.6259290995454	27.0096694616673	0.189067686231671	623.161458333333
9	9	9	-9.96338376390739	27.7441426288641	0.194208998402048	621.997395833333
10	2	10	-8.30083842826934	18.0486736631347	0.126340715641943	622.7734375
11.001	7	11	-6.63829309263129	29.9551405129075	0.209685983590352	621.609375
12.001	4	12	-4.97574775699325	23.3216284671349	0.163251399269944	622.7734375
13.001	5	13	-3.3132024213552	28.9820456227367	0.202874319359157	621.609375
14.001	6	14	-1.65065708571716	29.0522650247796	0.203365855173457	622.385416666667
15.001	14	15	0.0118882499208794	24.4431842625002	0.171102289837502	621.609375
16	10	16	1.67443358555892	34.4163759778137	0.240914631844696	623.161458333333
17.001	12	17	3.33697892119698	31.9807763553328	0.22386543448733	622.385416666667
18.003	7	18	4.99952425683502	34.9385396149633	0.244569777304743	621.997395833333
19.001	7	19	6.66206959247306	24.0228072532062	0.168159650772443	623.161458333333
20	12	20	8.3246149281111	22.0359604839137	0.154251723387396	622.7734375
21.001	5	21	9.98716026374915	32.9382703874669	0.230567892712268	622.7734375
22.001	6	22	11.6497055993872	18.0434160677422	0.126303912474195	623.161458333333
23	9	23	13.3122509350252	25.5239512319413	0.178667658623589	623.549479166667
24	6	24	14.9747962706633	27.993432740679	0.195954029184753	623.549479166667
25	12	25	16.6373416063013	28.8864495887014	0.20220514712091	625.489583333333
26	12	26	18.2998869419394	22.9958745401075	0.160971121780753	623.161458333333
27	6	27	19.9624322775774	19.0084169270153	0.133058918489107	623.161458333333
28.001	13	28	21.6249776132155	26.6446640951605	0.186512648666124	622.7734375
29	17	29	23.2875229488535	23.0480459566011	0.161336321696208	623.9375
30	20	30	24.9500682844916	22.2133492232825	0.155493444562977	623.161458333333
31.001	15	31	26.6126136201296	24.4245981015648	0.170972186710954	622.7734375
32	23	32	28.2751589557676	29.9605718873962	0.209724003211773	622.7734375
33	12	33	29.9377042914057	18.0170513373857	0.1261193593617	623.161458333333
34	14	34	31.6002496270437	32.0513205745039	0.224359244021527	622.7734375
35	13	35	33.2627949626818	18.8756780115783	0.132129746081048	623.161458333333
36.001	10	36	34.9253402983198	25.5499118639127	0.178849383047389	622.7734375
37.001	20	37	36.5878856339579	26.6500962290558	0.186550673603391	622.385416666667
38.001	14	38	38.2504309695959	18.9850170245642	0.132895119171949	622.7734375
39.001	18	39	39.912976305234	25.0272621967109	0.175190835376976	621.609375
40.001	15	40	41.575521640872	21.9959087609705	0.153971361326793	621.997395833333
41	24	41	43.23806697651	25.5473548546472	0.17883148398253	622.385416666667
42	17	42	44.9006123121481	21.016504260796	0.147115529825572	621.609375
43.001	15	43	46.5631576477861	24.9809844746179	0.174866891322325	621.997395833333
44.001	12	44	48.2257029834242	22.999698703947	0.160997890927629	621.609375
45	15	45	49.8882483190622	25.5380478050048	0.178766334635034	623.161458333333
46	15	46	51.5507936547003	31.0904221624077	0.217632955136854	621.997395833333
47	18	47	53.2133389903383	29.061296085704	0.203429072599928	622.385416666667
48.001	21	48	54.8758843259764	37.7540011468333	0.264278008027833	622.385416666667
49	24	49	56.5384296616144	17.7756269269196	0.124429388488437	622.7734375
50	18	50	58.2009749972525	32.1700959434286	0.225190671604	623.161458333333
51.001	14	51	59.8635203328905	27.0364559572127	0.189255191700489	622.7734375
52	29	52	61.5260656685285	27.7661591827242	0.194363114279069	623.161458333333
53.001	17	53	63.1886110041666	20.9930114264961	0.146951079985473	622.7734375
54	19	54	64.8511563398046	26.661520993115	0.186630646951805	623.549479166667
55.001	25	55	66.5137016754427	29.9779329104964	0.209845530373475	622.7734375
56	27	56	68.1762470110807	18.023737261974	0.126166160833818	623.9375
57	25	57	69.8387923467188	21.0890425996441	0.147623298197508	623.161458333333
58.001	38	58	71.5013376823568	22.2164903677074	0.155515432573951	623.161458333333
59.001	44	59	73.1638830179949	25.0318630584871	0.17522304140941	623.9375
60.001	53	60	74.8264283536329	28.8613615635931	0.202029530945152	622.7734375
61.001	64	61	76.4889736892709	28.020883964819	0.196146187753733	622.7734375
62	49	62	78.151519024909	18.8509377620765	0.131956564334536	622.7734375
63	58	63	79.814064360547	25.0179829261273	0.175125880482891	622.7734375
64	43	64	81.4766096961851	28.9971785745247	0.202980250021673	623.161458333333
65	33	65	83.1391550318231	23.0236521979029	0.16116556538532	623.161458333333
66.001	25	66	84.8017003674612	27.992942979075	0.195950600853525	622.7734375
67	35	67	86.4642457030992	21.1005631740311	0.147703942218218	622.7734375
68.001	29	68	88.1267910387373	25.0336727932742	0.17523570955292	621.997395833333
69.003	48	69	89.7893363743753	25.5523217672786	0.17886625237095	622.385416666667
70.001	46	70	91.4518817100133	18.8736746100782	0.132115722270547	621.609375
71.001	36	71	93.1144270456514	14.4393120711871	0.10107518449831	621.997395833333
72.001	42	72	94.7769723812894	31.0987303610129	0.217691112527091	621.609375
73	34	73	96.4395177169275	25.0175998815166	0.175123199170617	622.385416666667
74.001	37	74	98.1020630525655	31.0171338647469	0.217119937053228	622.385416666667
75.001	21	75	99.7646083882036	25.547247023107	0.178830729161749	622.385416666667
76	24	76	101.427153723842	24.9915603500698	0.174940922450488	621.609375
77.001	28	77	103.08969905948	31.047229044823	0.217330603313761	623.9375
78	24	78	104.752244395118	25.98692078277	0.18190844547939	622.7734375
79.001	22	79	106.414789730756	26.6563151309575	0.186594205916702	623.161458333333
80	24	80	108.077335066394	22.1920632083221	0.155344442458255	622.7734375
81.001	34	81	109.739880402032	23.055963740788	0.161391746185516	622.7734375
82.001	27	82	111.40242573767	24.4358158863459	0.171050711204421	622.7734375
83.001	17	83	113.064971073308	32.968360264654	0.230778521852578	622.7734375
84.001	29	84	114.727516408946	38.0108635047897	0.266076044533528	623.549479166667
85.001	25	85	116.390061744584	33.2753713337335	0.232927599336134	623.9375
86	28	86	118.052607080222	22.0359538623218	0.154251677036252	622.7734375
87.001	26	87	119.71515241586	27.7285657355008	0.194099960148505	622.7734375
88.001	18	88	121.377697751498	30.0198160805948	0.210138712564164	622.7734375
89.001	19	89	123.040243087136	36.6515214435279	0.256560650104696	623.549479166667
90	25	90	124.702788422774	28.0623011147048	0.196436107802933	622.7734375
91.001	22	91	126.365333758412	21.0903394701041	0.147632376290729	623.161458333333
92	26	92	128.02787909405	30.0233611773321	0.210163528241325	623.549479166667
93	28	93	129.690424429688	18.8727338287315	0.13210913680112	623.161458333333
94.001	27	94	131.352969765326	28.8686744015468	0.202080720810828	622.7734375
95	23	95	133.015515100964	28.8697129839758	0.20208799088783	625.489583333333
96	29	96	134.678060436603	32.9709789443332	0.230796852610332	622.7734375
97	25	97	136.340605772241	31.026804056024	0.217187628392168	622.7734375
98.001	24	98	138.003151107879	17.9867239990163	0.125907067993114	622.7734375
99.001	26	99	139.665696443517	18.9852351825985	0.132896646278189	623.161458333333
100.001	26	100	141.328241779155	27.0039533787747	0.189027673651423	622.7734375
101	25	101	142.990787114793	26.0062571054596	0.182043799738217	622.7734375
102	28	102	144.653332450431	28.0207016944118	0.196144911860883	622.7734375
103.001	25	103	146.315877786069	32.1728226404369	0.225209758483058	622.385416666667
104.001	22	104	147.978423121707	19.037021295313	0.133259149067191	622.385416666667
105.001	23	105	149.640968457345	24.4324725329033	0.171027307730323	622.7734375
106	27	106	151.303513792983	24.4289374977861	0.171002562484503	622.385416666667
107.001	33	107	152.966059128621	34.4317659030886	0.24102236132162	621.997395833333
108	17	108	154.628604464259	23.0286130517168	0.161200291362017	622.7734375
109.001	23	109	156.291149799897	27.7574346623297	0.194302042636308	623.161458333333
110	21	110	157.953695135535	29.9922486699549	0.209945740689684	622.7734375
111	25	111	159.616240471173	26.9724503392235	0.188807152374565	622.385416666667
112	20	112	161.278785806811	25.023707460448	0.175165952223136	623.161458333333
113	22	113	162.941331142449	21.0302014723344	0.147211410306341	622.7734375
114	18	114	164.603876478087	24.4293525333239	0.171005467733267	622.7734375
115	32	115	166.266421813725	27.7474313370388	0.194232019359272	622.7734375
116	28	116	167.928967149363	24.0413005502152	0.168289103851506	622.385416666667
117	29	117	169.591512485001	28.8665590018033	0.202065913012623	623.161458333333
118.001	20	118	171.254057820639	30.0339022688811	0.210237315882168	622.385416666667
119.001	28	119	172.916603156278	24.4444037037716	0.171110825926401	622.385416666667
120	40	120	174.579148491916	23.3242757395878	0.163269930177115	621.997395833333
121	23	121	176.241693827554	26.6566881797247	0.186596817258073	621.997395833333
122	24	122	177.904239163192	21.10949975263	0.14776649826841	621.609375
123	20	123	179.56678449883	29.9852023026636	0.209896416118645	622.385416666667
124	29	124	181.229329834468	20.0064821002005	0.140045374701403	621.609375
125	20	125	182.891875170106	26.010575900161	0.182074031301127	622.7734375
126	24	126	184.554420505744	23.3254286047506	0.163278000233254	621.609375
127.001	29	127	186.216965841382	29.0439085809927	0.203307360066949	622.385416666667
128	32	128	187.87951117702	16.6594253697726	0.116615977588408	622.7734375
129.001	18	129	189.542056512658	20.0181183989629	0.14012682879274	621.997395833333
130	25	130	191.204601848296	33.2585090786861	0.232809563550803	621.997395833333
131.001	29	131	192.867147183934	23.0109647246913	0.161076753072839	624.713541666667
132	25	132	194.529692519572	34.9830122492518	0.244881085744762	623.161458333333
133.001	18	133	196.19223785521	20.0168081137731	0.140117656796412	622.7734375
134	30	134	197.854783190848	27.752763287135	0.194269343009945	622.385416666667
135.001	25	135	199.517328526486	22.2012962670851	0.155409073869596	622.385416666667
136.001	30	136	201.179873862124	34.4328176296915	0.24102972340784	622.385416666667
137	18	137	202.842419197762	31.059724522429	0.217418071657003	622.7734375
138	22	138	204.5049645334	20.0280954122443	0.14019666788571	623.549479166667
139.001	20	139	206.167509869038	21.09481887933	0.14766373215531	622.7734375
140	29	140	207.830055204676	26.0319177343341	0.182223424140338	623.9375
141.001	29	141	209.492600540315	15.548610509528	0.108840273566696	623.161458333333
142.001	34	142	211.155145875953	27.7206270849377	0.194044389594564	623.161458333333
143.001	28	143	212.817691211591	32.0816381445865	0.224571467012106	622.7734375
144	18	144	214.480236547229	23.3066653289381	0.163146657302566	622.7734375
145.001	22	145	216.142781882867	28.8836769898409	0.202185738928887	623.549479166667
146.001	22	146	217.805327218505	24.9898066578643	0.17492864660505	623.161458333333
147.001	28	147	219.467872554143	26.046793063739	0.182327551446173	622.7734375
148	8	148	221.130417889781	25.5396954047092	0.178777867832965	623.161458333333
149.001	24	149	222.792963225419	21.1076072483079	0.147753250738155	622.7734375
150.001	14	150	224.455508561057	21.1033474240754	0.147723431968528	623.161458333333
151.001	25	151	226.118053896695	25.9966100420505	0.181976270294354	623.549479166667
152	24	152	227.780599232333	21.1001765307401	0.14770123571518	622.7734375
153	23	153	229.443144567971	25.5277558294573	0.178694290806201	623.161458333333
154	17	154	231.105689903609	20.0147688979698	0.140103382285789	622.7734375
155	14	155	232.768235239247	24.0065754010023	0.168046027807016	622.7734375
156	20	156	234.430780574885	30.0358507915047	0.210250955540533	623.161458333333
157.001	17	157	236.093325910523	18.8741167468484	0.132118817227939	623.549479166667
158	16	158	237.755871246161	30.9879240060149	0.216915468042104	622.7734375
159.001	27	159	239.418416581799	26.97458993628	0.18882212955396	622.7734375
160.001	17	160	241.080961917437	35.0449451421448	0.245314615995014	622.7734375
161.001	26	161	242.743507253075	21.0959923166175	0.147671946216323	622.7734375
162	17	162	244.406052588713	27.772405360252	0.194406837521764	622.7734375
163.001	13	163	246.068597924352	27.7694870431461	0.194386409302023	622.385416666667
164	15	164	247.73114325999	24.9916228080348	0.174941359656243	622.7734375
165.001	13	165	249.393688595628	26.0155182566401	0.182108627796481	622.385416666667
166.001	16	166	251.056233931266	17.0229298865572	0.1191605092059	622.7734375
167.001	17	167	252.718779266904	21.0993470529431	0.147695429370602	621.609375
168.001	14	168	254.381324602542	28.8377083649208	0.201863958554446	622.385416666667
169	18	169	256.04386993818	27.0179263941625	0.189125484759138	621.609375
170	18	170	257.706415273818	24.0547775394128	0.168383442775889	621.997395833333
171.001	13	171	259.368960609456	24.4104948706338	0.170873464094437	621.609375
172.001	15	172	261.031505945094	18.0071218166785	0.126049852716749	621.609375
173.001	21	173	262.694051280732	26.9738892751816	0.188817224926271	621.609375
174	17	174	264.35659661637	22.0349408056355	0.154244585639448	622.7734375
175	14	175	266.019141952008	21.9957042389621	0.153969929672735	622.385416666667
176	19	176	267.681687287646	18.8856069900742	0.132199248930519	622.385416666667
177.001	19	177	269.344232623284	21.9904627363113	0.153933239154179	621.609375
178	19	178	271.006777958922	18.9810417355146	0.132867292148602	621.609375
179.001	20	179	272.66932329456	33.0789428972242	0.23155260028057	622.7734375
180.001	15	180	274.331868630198	23.2695592280091	0.162886914596064	622.385416666667
181	20	181	275.994413965836	29.089490909835	0.203626436368845	622.7734375
182.001	17	182	277.656959301474	21.0754982025928	0.147528487418149	621.609375
183.001	7	183	279.319504637112	21.0704381420176	0.147493066994123	623.161458333333
184.001	13	184	280.98204997275	28.039049984914	0.196273349894398	623.161458333333
185	15	185	282.644595308388	28.029762001293	0.196208334009051	622.385416666667
186.001	16	186	284.307140644027	27.0006777170107	0.189004744019075	623.161458333333
187.001	17	187	285.969685979665	23.3322574570173	0.163325802199121	622.7734375
188	17	188	287.632231315303	22.1875923211849	0.155313146248294	622.7734375
189.001	18	189	289.294776650941	27.018029130839	0.189126203915873	622.7734375
190.001	18	190	290.957321986579	25.5346710318372	0.17874269722286	623.9375
191	10	191	292.619867322217	36.9942732864953	0.258959913005467	622.7734375
192	19	192	294.282412657855	20.9839095381661	0.146887366767163	622.7734375
193.001	11	193	295.944957993493	20.0496509556265	0.140347556689386	622.7734375
194.001	17	194	297.607503329131	23.2882472865865	0.163017731006106	622.7734375
195.001	11	195	299.270048664769	15.5393290428506	0.108775303299954	622.385416666667
196.001	21	196	300.932594000407	21.0794942119592	0.147556459483714	622.7734375
197.001	10	197	302.595139336045	35.0372130239527	0.245260491167669	622.385416666667
198.001	13	198	304.257684671683	22.218926414804	0.155532484903628	622.385416666667
199.001	14	199	305.920230007321	24.0436801537353	0.168305761076147	623.161458333333
200	12	200	307.582775342959	35.4915367103383	0.248440756972368	622.7734375
201.001	15	201	309.245320678597	31.0140090278779	0.217098063195145	622.7734375
202	14	202	310.907866014235	25.5016676981906	0.178511673887335	621.609375
203	12	203	312.570411349873	18.9996371069313	0.132997459748519	622.7734375
204.001	18	204	314.232956685511	27.053370890092	0.189373596230644	621.997395833333
205.001	18	205	315.895502021149	26.6531712776098	0.186572198943268	622.385416666667
206.001	10	206	317.558047356787	16.9999422001965	0.118999595401376	622.7734375
207	18	207	319.220592692425	25.5489582467816	0.178842707727471	622.385416666667
208.001	13	208	320.883138028064	23.0017228290399	0.161012059803279	621.997395833333
209	16	209	322.545683363702	23.0065936897515	0.16104615582826	622.7734375
210	11	210	324.20822869934	22.9770298632457	0.16083920904272	622.7734375
211.001	9	211	325.870774034978	17.9926985629232	0.125948889940462	623.161458333333
212	17	212	327.533319370616	22.0167833939812	0.154117483757869	621.997395833333
213	21	213	329.195864706254	19.0055401149435	0.133038780804605	623.549479166667
214	20	214	330.858410041892	21.1034153989623	0.147723907792736	621.997395833333
215.001	16	215	332.52095537753	21.9919927154523	0.153943949008166	623.549479166667
216	16	216	334.183500713168	24.0414956214426	0.168290469350098	622.385416666667
217.001	12	217	335.846046048806	33.3084593161041	0.233159215212728	622.7734375
218.001	14	218	337.508591384444	22.2125252209341	0.155487676546539	622.385416666667
219	10	219	339.171136720082	13.989644864871	0.0979275140540972	621.997395833333
220	20	220	340.83368205572	15.5445793553552	0.108812055487486	622.7734375
221	17	221	342.496227391358	23.2970236277304	0.163079165394113	622.7734375
222	16	222	344.158772726996	24.4356394690224	0.171049476283157	623.161458333333
223.001	14	223	345.821318062634	18.8801285092606	0.132160899564824	623.161458333333
224.001	10	224	347.483863398272	26.0174473001595	0.182122131101116	622.7734375
225	12	225	349.14640873391	34.0451506788303	0.238316054751812	622.7734375
226	14	226	350.808954069548	27.7188598013334	0.194032018609334	621.997395833333
227.001	19	227	352.471499405186	23.0121296935615	0.16108490785493	622.7734375
228	14	228	354.134044740824	28.8819700525074	0.202173790367552	625.489583333333
229.001	20	229	355.796590076463	29.0179185647137	0.203125429952996	622.385416666667
230	15	230	357.459135412101	22.9888182388086	0.16092172767166	622.385416666667
231.001	13	231	359.121680747739	27.7539124967986	0.19427738747759	622.385416666667
232	11	232	360.784226083377	16.0207773461402	0.112145441422981	622.7734375
233.001	18	233	362.446771419015	30.006046218313	0.210042323528191	622.385416666667
234.001	15	234	364.109316754653	29.9937762914195	0.209956434039937	622.385416666667
235	8	235	365.771862090291	24.0024914586134	0.168017440210294	622.7734375
236	10	236	367.434407425929	28.0340473505072	0.19623833145355	623.161458333333
237.001	18	237	369.096952761567	18.8718287556937	0.132102801289856	621.997395833333
238.001	11	238	370.759498097205	31.0752744140951	0.217526920898666	622.7734375
239	16	239	372.422043432843	23.0120007583955	0.161084005308769	622.7734375
240.001	20	240	374.084588768481	33.3070910463767	0.233149637324637	622.7734375
241.001	10	241	375.747134104119	22.0110341314101	0.154077238919871	623.549479166667
242	17	242	377.409679439757	29.9914391103251	0.209940073772275	622.7734375
243	18	243	379.072224775395	26.9981695241063	0.188987186668744	622.7734375
244	12	244	380.734770111033	19.9934910079274	0.139954437055492	623.161458333333
245	13	245	382.397315446671	24.0238869507952	0.168167208655566	622.7734375
246.001	7	246	384.059860782309	28.8417838465821	0.201892486926075	623.161458333333
247	13	247	385.722406117947	23.0250374256967	0.161175261979877	623.161458333333
248	11	248	387.384951453585	20.0105996146159	0.140074197302311	622.7734375
249	12	249	389.047496789223	30.984318836237	0.216890231853659	621.997395833333
250	18	250	390.710042124861	22.0100982330693	0.154070687631485	622.7734375
251	11	251	392.372587460499	14.4435072213092	0.101104550549164	621.997395833333
252	15	252	394.035132796137	34.0148883166162	0.238104218216313	621.997395833333
253.001	13	253	395.697678131776	17.762707107614	0.124338949753298	622.7734375
254.001	14	254	397.360223467414	24.0259167564051	0.168181417294836	621.609375
255	8	255	399.022768803052	29.9436360956559	0.209605452669592	621.997395833333
256	12	256	400.68531413869	27.0527609997779	0.189369326998445	622.385416666667
257	12	257	402.347859474328	18.8794281976476	0.132155997383533	622.7734375
258.001	11	258	404.010404809966	25.5191227546362	0.178633859282453	621.609375
259	11	259	405.672950145604	24.4324725329033	0.171027307730323	623.161458333333
260	16	260	407.335495481242	26.0369620713565	0.182258734499495	623.161458333333
261.001	10	261	408.99804081688	22.982673362552	0.160878713537864	621.609375
262.001	6	262	410.660586152518	21.9885329800509	0.153919730860356	621.609375
263	14	263	412.323131488156	17.0272333570312	0.119190633499219	622.385416666667
264.001	11	264	413.985676823794	23.3203516709032	0.163242461696322	621.609375
265.001	16	265	415.648222159432	16.9972668394922	0.118980867876445	623.161458333333
266.001	13	266	417.31076749507	17.7697162498391	0.124388013748874	621.997395833333
267	17	267	418.973312830708	16.0105926080695	0.112074148256486	622.7734375
268.001	13	268	420.635858166346	13.0171409712309	0.0911199867986164	623.161458333333
269.001	7	269	422.298403501984	25.5506157698401	0.17885431038888	622.7734375
270	11	270	423.960948837622	27.7754569840387	0.194428198888271	623.161458333333
271	6	271	425.62349417326	12.011333894663	0.084079337262641	623.161458333333
272.001	11	272	427.286039508898	31.0965579220036	0.217675905454025	622.7734375
273.001	14	273	428.948584844536	18.8738820555567	0.132117174388897	623.161458333333
274.001	15	274	430.611130180174	27.7635751666592	0.194345026166614	623.161458333333
275	11	275	432.273675515812	28.9931866011487	0.202952306208041	623.549479166667
276	11	276	433.936220851451	29.0132242276029	0.203092569593221	623.161458333333
277	9	277	435.598766187089	32.2204286183625	0.225543000328537	623.549479166667
278.001	16	278	437.261311522727	22.2196200578288	0.155537340404801	622.7734375
279.001	22	279	438.923856858365	20.0086977809254	0.140060884466478	622.7734375
280	17	280	440.586402194003	22.9616379914078	0.160731465939854	623.549479166667
281	14	281	442.248947529641	28.0178193330959	0.196124735331671	622.7734375
282.001	10	282	443.911492865279	25.0113826802578	0.175079678761804	622.7734375
283	16	283	445.574038200917	31.0846960271982	0.217592872190388	622.385416666667
284	11	284	447.236583536555	33.9959204895413	0.237971443426789	622.385416666667
285	5	285	448.899128872193	32.0306757781928	0.224214730447349	622.7734375
286.001	7	286	450.561674207831	14.4392815990905	0.101074971193633	621.609375
287	9	287	452.224219543469	24.4307089569642	0.171014962698749	622.385416666667
288	13	288	453.886764879107	25.0165809898801	0.175116066929161	621.997395833333
289	19	289	455.549310214745	25.5456977546331	0.178819884282432	621.997395833333
290.001	11	290	457.211855550383	27.9900075672985	0.195930052971089	622.7734375
291	11	291	458.874400886021	23.0198822723186	0.16113917590623	622.7734375
292	16	292	460.536946221659	23.0274948288256	0.161192463801779	622.7734375
293.001	9	293	462.199491557297	26.6432058437432	0.186502440906202	623.161458333333
294	9	294	463.862036892935	25.0072521031099	0.175050764721769	622.7734375
295.001	10	295	465.524582228573	22.1642577627819	0.155149804339474	622.7734375
296	14	296	467.187127564211	24.0166579539569	0.168116605677698	622.7734375
297.001	13	297	468.84967289985	26.0190459416293	0.182133321591405	623.161458333333
298	9	298	470.512218235488	24.0283871365631	0.168198709955942	623.549479166667
299	6	299	472.174763571126	26.6141923507484	0.186299346455239	623.161458333333
300	11	300	473.837308906764	36.0347374869374	0.252243162408562	622.7734375
	6	301	475.499854242402			
	6	302	477.16239957804			
	17	303	478.824944913678			
	10	304	480.487490249316			
	14	305	482.150035584954			
	9	306	483.812580920592			
	8	307	485.47512625623			
	7	308	487.137671591868			
	16	309	488.800216927506			
	10	310	490.462762263144			
	16	311	492.125307598782			
	22	312	493.78785293442			
	10	313	495.450398270058			
	14	314	497.112943605696			
	15	315	498.775488941334			
	13	316	500.438034276972			
	9	317	502.10057961261			
	10	318	503.763124948249			
	7	319	505.425670283887			
	12	320	507.088215619525			
	18	321	508.750760955163			
	15	322	510.413306290801			
	7	323	512.075851626439			
	9	324	513.738396962077			
	12	325	515.400942297715			
	13	326	517.063487633353			
	16	327	518.726032968991			
	18	328	520.388578304629			
	14	329	522.051123640267			
	17	330	523.713668975905			
	16	331	525.376214311543			
	16	332	527.038759647181			
	10	333	528.701304982819			
	16	334	530.363850318457			
	16	335	532.026395654095			
	12	336	533.688940989733			
	11	337	535.351486325371			
	20	338	537.014031661009			
	15	339	538.676576996647			
	17	340	540.339122332285			
	17	341	542.001667667924			
	13	342	543.664213003562			
	14	343	545.3267583392			
	11	344	546.989303674838			
	19	345	548.651849010476			
	20	346	550.314394346114			
	11	347	551.976939681752			
	18	348	553.63948501739			
	14	349	555.302030353028			
	20	350	556.964575688666			
	20	351	558.627121024304			
	21	352	560.289666359942			
	17	353	561.95221169558			
	16	354	563.614757031218			
	17	355	565.277302366856			
	19	356	566.939847702494			
	14	357	568.602393038132			
	17	358	570.26493837377			
	23	359	571.927483709408			
	24	360	573.590029045046			
	19	361	575.252574380684			
	26	362	576.915119716322			
	20	363	578.57766505196			
	19	364	580.240210387598			
	24	365	581.902755723237			
	28	366	583.565301058875			
	20	367	585.227846394513			
	20	368	586.890391730151			
	20	369	588.552937065789			
	19	370	590.215482401427			
	18	371	591.878027737065			
	26	372	593.540573072703			
	21	373	595.203118408341			
	22	374	596.865663743979			
	25	375	598.528209079617			
	25	376	600.190754415255			
	31	377	601.853299750893			
	14	378	603.515845086531			
	19	379	605.178390422169			
	27	380	606.840935757807			
	21	381	608.503481093445			
	22	382	610.166026429083			
	16	383	611.828571764721			
	17	384	613.491117100359			
	25	385	615.153662435997			
	21	386	616.816207771636			
	22	387	618.478753107274			
	19	388	620.141298442912			
	20	389	621.80384377855			
	19	390	623.466389114188			
	18	391	625.128934449826			
	22	392	626.791479785464			
	26	393	628.454025121102			
	18	394	630.11657045674			
	18	395	631.779115792378			
	16	396	633.441661128016			
	16	397	635.104206463654			
	17	398	636.766751799292			
	14	399	638.42929713493			
	17	400	640.091842470568			
	14	401	641.754387806206			
	14	402	643.416933141844			
	14	403	645.079478477482			
	19	404	646.74202381312			
	11	405	648.404569148758			
	13	406	650.067114484396			
	14	407	651.729659820034			
	8	408	653.392205155673			
	12	409	655.054750491311			
	6	410	656.717295826949			
	14	411	658.379841162587			
	8	412	660.042386498225			
	4	413	661.704931833863			
	0	414	663.367477169501			
	2	415	665.030022505139			
	7	416	666.692567840777			
	6	417	668.355113176415			
	2	418	670.017658512053			
	3	419	671.680203847691			
	3	420	673.342749183329			
	1	421	675.005294518967			
	7	422	676.667839854605			
	4	423	678.330385190243			
	3	424	679.992930525881			
	4	425	681.655475861519			
	3	426	683.318021197157			
	0	427	684.980566532795			
	2	428	686.643111868433			
	1	429	688.305657204072			
	2	430	689.96820253971			
	4	431	691.630747875348			
	5	432	693.293293210986			
	0	433	694.955838546624			
	1	434	696.618383882262			
	2	435	698.2809292179			
	2	436	699.943474553538			
	2	437	701.606019889176			
	2	438	703.268565224814			
	3	439	704.931110560452			
	3	440	706.59365589609			
	3	441	708.256201231728			
	0	442	709.918746567366			
	2	443	711.581291903004			
	4	444	713.243837238642			
	3	445	714.90638257428			
	0	446	716.568927909918			
	2	447	718.231473245556			
	3	448	719.894018581194			
	2	449	721.556563916832			
	1	450	723.21910925247			
	0	451	724.881654588108			
	2	452	726.544199923746			
	1	453	728.206745259384			
	1	454	729.869290595023			
	4	455	731.531835930661			
	1	456	733.194381266299			
	3	457	734.856926601937			
	3	458	736.519471937575			
	4	459	738.182017273213			
	1	460	739.844562608851			
	4	461	741.507107944489			
	1	462	743.169653280127			
	2	463	744.832198615765			
	2	464	746.494743951403			
	1	465	748.157289287041			
	2	466	749.819834622679			
	1	467	751.482379958317			
	1	468	753.144925293955			
	3	469	754.807470629593			
	3	470	756.470015965231			
	2	471	758.132561300869			
	5	472	759.795106636507			
	1	473	761.457651972145			
	5	474	763.120197307783			
	1	475	764.782742643421			
	1	476	766.44528797906			
	4	477	768.107833314698			
	2	478	769.770378650336			
	4	479	771.432923985974			
	4	480	773.095469321612			
	2	481	774.75801465725			
	1	482	776.420559992888			
	3	483	778.083105328526			
	3	484	779.745650664164			
	0	485	781.408195999802			
	2	486	783.07074133544			
	1	487	784.733286671078			
	3	488	786.395832006716			
	0	489	788.058377342354			
	1	490	789.720922677992			
	2	491	791.38346801363			
	1	492	793.046013349268			
	0	493	794.708558684906			
	2	494	796.371104020544			
	0	495	798.033649356182			
	2	496	799.69619469182			
	6	497	801.358740027458			
	1	498	803.021285363096			
	1	499	804.683830698734			
	1	500	806.346376034373			
	2	501	808.008921370011			
	1	502	809.671466705649			
	1	503	811.334012041287			
	2	504	812.996557376925			
	3	505	814.659102712563			
	1	506	816.321648048201			
	3	507	817.984193383839			
	1	508	819.646738719477			
	3	509	821.309284055115			
	3	510	822.971829390753			
	29	511	824.634374726391			
