MIN=0	0	0	0	0	0	0
MAX=300	100	511	824.634374726391	1000	100	2000
SCALE=300	5	100	500	500	50	500
DEC=0	0	0	1	0	0	0
DEF="Time" t / s	"Events" N	"Channel" n	"Energy" E / keV	"Rate" R / 1/s	"Dead time" t / %	"Voltage" U / V
0	0	0	-24.9262917846498			621.609375
1	0	1	-23.2637464490117	23.1294819942239	0.161906373959568	621.997395833333
2	0	2	-21.6012011133737	17.7574395903004	0.124302077132102	621.997395833333
3.001	0	3	-19.9386557777357	21.0510065889651	0.147357046122755	622.7734375
4	1	4	-18.2761104420976	17.7217651852822	0.124052356296975	621.609375
5	7	5	-16.6135651064596	14.0440914250289	0.0983086399752021	621.997395833333
6.001	1	6	-14.9510197708215	17.7272904545632	0.124091033181942	621.609375
7.001	5	7	-13.2884744351835	18.8865448588214	0.13220581401175	622.385416666667
8	2	8	-11.6259290995454	26.0254737336905	0.182178316135834	621.609375
9.001	3	9	-9.96338376390739	15.008774129356	0.105061418905492	622.7734375
10.001	2	10	-8.30083842826934	26.6490250121087	0.186543175084761	622.7734375
11.001	6	11	-6.63829309263129	16.6627620260986	0.11663933418269	622.7734375
12	2	12	-4.97574775699325	21.096257002153	0.147673799015071	622.7734375
13.001	4	13	-3.3132024213552	10.0027017297372	0.0700189121081604	623.161458333333
14	6	14	-1.65065708571716	17.7685835229482	0.124380084660637	622.7734375
15.001	8	15	0.0118882499208794	21.0029110034651	0.147020377024256	623.9375
16	2	16	1.67443358555892	10.0066063615199	0.0700462445306391	622.7734375
17.001	5	17	3.33697892119698	19.9948433299052	0.139963903309337	622.7734375
18	7	18	4.99952425683502	19.9856281127616	0.139899396789331	623.549479166667
19.001	7	19	6.66206959247306	21.0802847081063	0.147561992956744	622.7734375
20.001	6	20	8.3246149281111	17.0032935379583	0.119023054765708	623.549479166667
21.001	10	21	9.98716026374915	17.0104461149592	0.119073122804714	623.161458333333
22	5	22	11.6497055993872	17.7701938539341	0.124391356977539	623.161458333333
23	7	23	13.3122509350252	27.0216281111402	0.189151396777981	623.161458333333
24	7	24	14.9747962706633	19.9875810496412	0.139913067347488	623.549479166667
25	7	25	16.6373416063013	19.014097051554	0.133098679360878	623.549479166667
26.001	6	26	18.2998869419394	11.1038935802839	0.0777272550619875	622.7734375
27	5	27	19.9624322775774	31.9953798671472	0.22396765907003	622.7734375
28	9	28	21.6249776132155	12.0193969027216	0.0841357783190513	623.549479166667
29.001	12	29	23.2875229488535	18.8373853842056	0.13186169768944	621.997395833333
30.001	7	30	24.9500682844916	15.0213573659028	0.10514950156132	622.7734375
31.001	7	31	26.6126136201296	17.7581313651108	0.124306919555776	622.7734375
32.001	14	32	28.2751589557676	18.0110732078082	0.126077512454657	622.7734375
33.001	8	33	29.9377042914057	17.7636576436908	0.124345603505835	621.997395833333
34	11	34	31.6002496270437	17.7647996047332	0.124353597233132	621.997395833333
35.001	10	35	33.2627949626818	24.0192177761427	0.168134524432999	621.997395833333
36	12	36	34.9253402983198	20.0331909908336	0.140232336935835	622.7734375
37.001	14	37	36.5878856339579	28.878778107798	0.202151446754586	621.997395833333
38	12	38	38.2504309695959	15.0062050657947	0.105043435460563	621.997395833333
39	12	39	39.912976305234	11.1032019302694	0.0777224135118861	622.7734375
40	17	40	41.575521640872	12.0207839354243	0.0841454875479704	622.385416666667
41.001	17	41	43.23806697651	27.7263208070622	0.194084245649435	622.385416666667
42.001	7	42	44.9006123121481	10.997897202055	0.0769852804143848	622.385416666667
43.001	16	43	46.5631576477861	16.0212762548665	0.112148933784065	622.385416666667
44	9	44	48.2257029834242	17.7659476306499	0.12436163341455	621.609375
45	23	45	49.8882483190622	26.9828200384815	0.18887974026937	621.609375
46.001	18	46	51.5507936547003	18.9917253052845	0.132942077136991	622.7734375
47	16	47	53.2133389903383	15.037441726154	0.105262092083078	622.385416666667
48	19	48	54.8758843259764	19.997340353733	0.139981382476131	621.997395833333
49	11	49	56.5384296616144	23.2927573500296	0.163049301450207	622.385416666667
50	25	50	58.2009749972525	12.9985493618912	0.0909898455332385	621.609375
51.001	20	51	59.8635203328905	23.305615188336	0.163139306318352	622.385416666667
52	19	52	61.5260656685285	21.030420503258	0.147212943522806	621.997395833333
53.001	22	53	63.1886110041666	18.9994908136462	0.132996435695523	621.997395833333
54.001	11	54	64.8511563398046	21.097233819532	0.147680636736724	621.997395833333
55.001	26	55	66.5137016754427	12.2087397040091	0.0854611779280637	621.609375
56.001	29	56	68.1762470110807	13.0245343152897	0.091171740207028	622.7734375
57	34	57	69.8387923467188	14.4347507074138	0.101043254951897	622.7734375
58.001	26	58	71.5013376823568	25.5512629433811	0.178858840603667	622.385416666667
59.001	37	59	73.1638830179949	19.0118595980172	0.133083017186121	621.997395833333
60	36	60	74.8264283536329	17.9961416272351	0.125972991390646	622.385416666667
61.001	47	61	76.4889736892709	26.640422890073	0.186482960230511	622.7734375
62	42	62	78.151519024909	29.0393221461181	0.203275255022826	622.7734375
63.001	42	63	79.814064360547	19.0274051716688	0.133191836201681	621.997395833333
64	39	64	81.4766096961851	17.7580111382685	0.12430607796788	623.161458333333
65.001	33	65	83.1391550318231	22.9945112101741	0.160961578471219	622.385416666667
66.001	36	66	84.8017003674612	14.0002058030253	0.0980014406211771	623.161458333333
67.001	39	67	86.4642457030992	23.0173481753197	0.161121437227238	623.161458333333
68	34	68	88.1267910387373	22.2053042476415	0.155437129733491	622.7734375
69.001	40	69	89.7893363743753	14.9986486217592	0.104990540352314	622.7734375
70.001	32	70	91.4518817100133	15.9883109458675	0.111918176621072	623.161458333333
71.001	31	71	93.1144270456514	17.7660068112649	0.124362047678855	623.161458333333
72.001	34	72	94.7769723812894	19.0131704231521	0.133092192962065	623.9375
73.001	24	73	96.4395177169275	15.0112434213226	0.105078703949258	622.7734375
74.001	30	74	98.1020630525655	17.7574908310306	0.124302435817214	623.549479166667
75.001	26	75	99.7646083882036	14.0186209341869	0.0981303465393081	622.7734375
76	27	76	101.427153723842	16.6621789864596	0.116635252905218	622.7734375
77.001	31	77	103.08969905948	22.1885670967292	0.155319969677104	623.549479166667
78	32	78	104.752244395118	18.8800236688861	0.132160165682203	622.7734375
79.001	24	79	106.414789730756	24.0171794884881	0.168120256419417	622.7734375
80	21	80	108.077335066394	20.0409556970625	0.140286689879438	623.161458333333
81	29	81	109.739880402032	23.2905253477442	0.163033677434209	622.385416666667
82.001	33	82	111.40242573767	10.9989221056336	0.0769924547394355	622.7734375
83	15	83	113.064971073308	12.2016529468323	0.0854115706278261	622.385416666667
84.001	17	84	114.727516408946	18.0004500112503	0.126003150078752	622.385416666667
85.001	25	85	116.390061744584	21.9920982391027	0.153944687673719	622.7734375
86.001	34	86	118.052607080222	14.441960427251	0.101093722990757	621.997395833333
87	33	87	119.71515241586	23.019476779303	0.161136337455121	621.997395833333
88.001	27	88	121.377697751498	19.0211800840236	0.133148260588165	621.609375
89.001	18	89	123.040243087136	18.8708818740517	0.132096173118362	621.997395833333
90.001	21	90	124.702788422774	16.9895344467808	0.118926741127465	622.385416666667
91.001	25	91	126.365333758412	21.007695118722	0.147053865831054	622.385416666667
92.001	33	92	128.02787909405	20.9798823907755	0.146859176735428	622.7734375
93	20	93	129.690424429688	21.0221699804614	0.14715518986323	622.7734375
94.001	36	94	131.352969765326	22.0356029236437	0.154249220465506	622.7734375
95.001	21	95	133.015515100964	16.6351190874905	0.116445833612434	622.7734375
96.001	23	96	134.678060436603	17.0081707252164	0.119057195076515	623.161458333333
97	25	97	136.340605772241	13.3206535512252	0.0932445748585763	622.7734375
98.001	26	98	138.003151107879	22.0057214875868	0.154040050413107	622.7734375
99.001	19	99	139.665696443517	19.9922889741427	0.139946022818999	623.161458333333
100	19	100	141.328241779155	21.9900560966331	0.153930392676432	622.7734375
101.001	24	101	142.990787114793	23.0154756057973	0.161108329240581	623.161458333333
102	21	102	144.653332450431	14.0040653801799	0.0980284576612591	623.549479166667
103	19	103	146.315877786069	21.0117707939988	0.147082395557992	623.161458333333
104.001	27	104	147.978423121707	19.9912678142188	0.139938874699531	622.7734375
105	24	105	149.640968457345	16.0051920843121	0.112036344590185	623.549479166667
106	30	106	151.303513792983	17.9930564795046	0.125951395356532	623.161458333333
107	22	107	152.966059128621	12.0056594678732	0.0840396162751121	623.549479166667
108.001	18	108	154.628604464259	17.9911141887022	0.125937799320915	623.161458333333
109	21	109	156.291149799897	27.0113204443982	0.189079243110788	622.7734375
110	19	110	157.953695135535	19.9918513214014	0.13994295924981	622.7734375
110.999	23	111	159.616240471173	20.0018441700325	0.140012909190227	622.7734375
112	24	112	161.278785806811	18.039320306472	0.126275242145304	622.7734375
113	21	113	162.941331142449	17.7521633784852	0.124265143649397	622.7734375
114.001	25	114	164.603876478087	27.9578647021075	0.195705052914752	623.549479166667
115	19	115	166.266421813725	19.9933662010945	0.139953563407661	623.161458333333
116.001	24	116	167.928967149363	13.0214567564433	0.0911501972951029	623.549479166667
117	23	117	169.591512485001	26.6439393863701	0.186507575704591	622.385416666667
118.001	18	118	171.254057820639	19.0119014503079	0.133083310152155	621.997395833333
119.001	21	119	172.916603156278	23.2930699678345	0.163051489774841	621.997395833333
120	23	120	174.579148491916	23.0336152581077	0.161235306806754	621.609375
121.001	23	121	176.241693827554	18.9946359148177	0.132962451403724	622.385416666667
122.001	30	122	177.904239163192	18.8763382213426	0.132134367549398	622.7734375
123	21	123	179.56678449883	18.886353920496	0.132204477443472	621.997395833333
124.001	29	124	181.229329834468	13.9910918718052	0.0979376431026365	622.7734375
125	16	125	182.891875170106	19.962162829366	0.139735139805562	622.385416666667
126	19	126	184.554420505744	15.0192396459865	0.105134677521906	621.997395833333
127.001	26	127	186.216965841382	7.76899880912347	0.0543829916638643	621.997395833333
128.001	15	128	187.87951117702	18.884553834642	0.132191876842494	622.7734375
129	14	129	189.542056512658	16.0365810450218	0.112256067315153	621.609375
130	25	130	191.204601848296	11.0735508569987	0.077514855998991	622.7734375
131.001	17	131	192.867147183934	23.0382988680382	0.161268092076268	622.7734375
132.001	16	132	194.529692519572	19.9866577955516	0.139906604568861	622.7734375
133.001	17	133	196.19223785521	24.4150080830323	0.170905056581226	621.997395833333
134.001	22	134	197.854783190848	21.0293275001317	0.147205292500922	622.7734375
135	18	135	199.517328526486	26.6494599986609	0.186546219990626	621.997395833333
136.001	13	136	201.179873862124	14.9998605012973	0.104999023509081	623.161458333333
137.001	25	137	202.842419197762	17.0207414755621	0.119145190328935	622.7734375
138.001	19	138	204.5049645334	22.1977676814931	0.155384373770452	622.385416666667
139.001	20	139	206.167509869038	19.9947880252547	0.139963516176783	621.997395833333
140	15	140	207.830055204676	18.8807554790009	0.132165288353006	622.7734375
141	18	141	209.492600540315	19.0017253566624	0.133012077496637	623.549479166667
142.001	19	142	211.155145875953	17.7536623863696	0.124275636704587	622.7734375
143.001	20	143	212.817691211591	19.9979542092844	0.139985679464991	622.7734375
144.001	11	144	214.480236547229	18.9899751920961	0.132929826344673	622.7734375
145	17	145	216.142781882867	12.0201758651897	0.084141231056328	621.997395833333
146.001	19	146	217.805327218505	18.9891913522823	0.132924339465976	622.7734375
147	14	147	219.467872554143	22.2008797764638	0.155406158435246	622.385416666667
148.001	14	148	221.130417889781	19.0483867119256	0.133338706983479	623.161458333333
149.001	17	149	222.792963225419	18.8812524712228	0.132168767298559	623.549479166667
150	15	150	224.455508561057	31.0596280520799	0.217417396364559	622.7734375
151.001	11	151	226.118053896695	16.0077541561132	0.112054279092793	623.161458333333
152.001	14	152	227.780599232333	13.9785261880699	0.0978496833164892	623.161458333333
153.001	15	153	229.443144567971	25.0196879924813	0.175137815947369	623.549479166667
154.001	16	154	231.105689903609	21.0059614918714	0.1470417304431	622.7734375
155	11	155	232.768235239247	23.3094618544542	0.163166232981179	622.385416666667
156	15	156	234.430780574885	26.0663179260675	0.182464225482472	622.7734375
157	13	157	236.093325910523	24.4324074117263	0.171026851882084	622.7734375
158	13	158	237.755871246161	11.103179739717	0.0777222581780193	622.385416666667
159	12	159	239.418416581799	18.8724279378542	0.132106995564979	622.385416666667
160	17	160	241.080961917437	15.5517350126541	0.108862145088579	621.997395833333
161	19	161	242.743507253075	21.0108352877579	0.147075847014305	621.997395833333
162.001	15	162	244.406052588713	22.200978352714	0.155406848468998	622.7734375
163	15	163	246.068597924352	19.9821581530092	0.139875107071064	622.7734375
164.001	19	164	247.73114325999	21.0841936239179	0.147589355367425	623.549479166667
165.001	14	165	249.393688595628	17.0298772165888	0.119209140516121	622.7734375
166	11	166	251.056233931266	18.0065723989256	0.126046006792479	623.9375
167	21	167	252.718779266904	23.3256928730456	0.163279850111319	623.161458333333
168.001	17	168	254.381324602542	17.7538199840327	0.124276739888229	623.9375
169.001	16	169	256.04386993818	28.030281112686	0.196211967788802	623.161458333333
169.999	19	170	257.706415273818	19.998204605631	0.139987432239417	622.7734375
171	14	171	259.368960609456	15.5506225525125	0.108854357867588	622.7734375
172.001	14	172	261.031505945094	22.1970507666528	0.15537935536657	622.7734375
173	16	173	262.694051280732	19.0082514819683	0.133057760373778	623.161458333333
174.001	14	174	264.35659661637	21.0244072343584	0.147170850640509	622.7734375
175.001	18	175	266.019141952008	16.9993880220312	0.118995716154218	623.161458333333
176	12	176	267.681687287646	14.9988000959923	0.104991600671946	623.161458333333
177	11	177	269.344232623284	15.5393204189001	0.108775242932301	623.549479166667
178	15	178	271.006777958922	21.0257986549496	0.147180590584647	622.7734375
179	22	179	272.66932329456	16.663952293993	0.116647666057951	623.161458333333
180.001	14	180	274.331868630198	19.9957875540886	0.13997051287862	623.161458333333
181.001	12	181	275.994413965836	15.5452162594967	0.108816513816477	622.7734375
182.001	12	182	277.656959301474	16.6659278105337	0.116661494673736	623.549479166667
183.001	9	183	279.319504637112	15.5468286024334	0.108827800217034	623.549479166667
184	11	184	280.98204997275	24.0402192868669	0.168281535008069	622.7734375
185	9	185	282.644595308388	19.9916545948541	0.139941582163979	622.7734375
186	8	186	284.307140644027	22.1828107617688	0.155279675332382	622.385416666667
187.001	12	187	285.969685979665	16.9996413075684	0.118997489152979	621.997395833333
188.001	8	188	287.632231315303	27.0440981063723	0.189308686744606	622.7734375
189.001	14	189	289.294776650941	13.9931685351212	0.0979521797458481	622.7734375
190.001	14	190	290.957321986579	22.0146441412828	0.154102508988979	622.385416666667
191.001	13	191	292.619867322217	18.8698785345919	0.132089149742143	622.385416666667
192.001	9	192	294.282412657855	21.0971026349615	0.14767971844473	621.609375
193	16	193	295.944957993493	16.0308272808611	0.112215790966028	622.385416666667
194.001	7	194	297.607503329131	19.9933622037484	0.139953535426238	622.385416666667
195	7	195	299.270048664769	13.3240449935234	0.0932683149546638	621.997395833333
196.001	15	196	300.932594000407	15.5531327231025	0.108871929061717	622.385416666667
197	16	197	302.595139336045	23.9840314318727	0.167888220023109	621.609375
198	14	198	304.257684671683	18.013041442004	0.126091290094028	621.997395833333
199.001	7	199	305.920230007321	28.9722330118814	0.20280563108317	621.997395833333
200	10	200	307.582775342959	19.0244026012166	0.133170818208516	622.7734375
201	12	201	309.245320678597	20.9873173641169	0.146911221548818	621.997395833333
202	21	202	310.907866014235	15.9852456182943	0.11189671932806	622.385416666667
203.001	13	203	312.570411349873	16.6547492683013	0.116583244878109	622.385416666667
204	16	204	314.232956685511	20.0252217668153	0.140176552367707	621.609375
205	11	205	315.895502021149	18.9728252224339	0.132809776557037	621.997395833333
206.001	7	206	317.558047356787	14.0106845480363	0.0980747918362543	622.385416666667
207	12	207	319.220592692425	14.0110939842167	0.0980776578895169	621.997395833333
208.001	5	208	320.883138028064	17.7611020763838	0.124327714534687	621.997395833333
209	8	209	322.545683363702	16.6598805419926	0.116619163793948	622.7734375
210.001	11	210	324.20822869934	18.0172172528068	0.126120520769647	622.7734375
211.001	16	211	325.870774034978	17.7596412374874	0.124317488662412	622.7734375
212	6	212	327.533319370616	16.9885021817234	0.118919515272064	622.385416666667
213.001	12	213	329.195864706254	14.0072277295084	0.098050594106559	621.997395833333
214	5	214	330.858410041892	25.0449381324911	0.175314566927438	623.161458333333
215.001	10	215	332.52095537753	21.0708307064107	0.147495814944875	623.161458333333
216.001	6	216	334.183500713168	18.0031343456896	0.126021940419827	621.609375
217	10	217	335.846046048806	15.0203901796689	0.105142731257682	623.161458333333
218	7	218	337.508591384444	17.7267208823653	0.124087046176557	622.7734375
219.001	15	219	339.171136720082	20.0094524653446	0.140066167257412	622.7734375
220.001	8	220	340.83368205572	29.0087490387101	0.20306124327097	623.549479166667
221.001	6	221	342.496227391358	25.9996048060069	0.181997233642049	623.161458333333
222.001	9	222	344.158772726996	18.0059707799106	0.126041795459374	623.549479166667
223	7	223	345.821318062634	20.0245420787717	0.140171794551402	623.161458333333
224.001	11	224	347.483863398272	23.3179434906295	0.163225604434407	623.161458333333
225.001	12	225	349.14640873391	18.0098225572227	0.126068757900559	622.7734375
226	9	226	350.808954069548	17.765965384793	0.124361757693551	623.549479166667
227.001	12	227	352.471499405186	15.5308494254196	0.108715945977937	623.161458333333
228	5	228	354.134044740824	26.0424126732797	0.182296888712958	623.549479166667
229	9	229	355.796590076463	11.1081267277303	0.0777568870941118	623.549479166667
230	12	230	357.459135412101	21.0071928628362	0.147050350039854	623.161458333333
231	12	231	359.121680747739	14.0064653844214	0.0980452576909501	622.7734375
232	10	232	360.784226083377	18.8644070805887	0.132050849564121	623.161458333333
233.001	17	233	362.446771419015	21.0482489009557	0.14733774230669	625.877604166667
234	6	234	364.109316754653	19.9657188607162	0.139760032025013	623.161458333333
235	10	235	365.771862090291	18.0081108531283	0.126056775971898	622.7734375
236.001	10	236	367.434407425929	17.7734469811967	0.124414128868377	623.161458333333
237.001	8	237	369.096952761567	17.771745257582	0.124402216803074	622.7734375
238	14	238	370.759498097205	13.002047822532	0.0910143347577243	623.161458333333
239.001	3	239	372.422043432843	20.9999916000034	0.146999941200023	623.549479166667
240	8	240	374.084588768481	17.7585058525931	0.124309540968152	623.549479166667
241	10	241	375.747134104119	21.032714283797	0.147228999986579	622.7734375
242	8	242	377.409679439757	25.9904900796798	0.181933430557759	622.7734375
243	7	243	379.072224775395	17.753774674418	0.124276422720926	623.161458333333
244.001	4	244	380.734770111033	34.990769435023	0.244935386045161	622.385416666667
245.001	13	245	382.397315446671	23.0275962713716	0.161193173899601	622.385416666667
245.999	8	246	384.059860782309	11.9949333401571	0.0839645333810998	621.997395833333
247	9	247	385.722406117947	27.7631126846997	0.194341788792898	622.7734375
248.001	5	248	387.384951453585	18.0232572111052	0.126162800477736	621.997395833333
249	11	249	389.047496789223	23.2949846119987	0.163064892283991	622.7734375
250.001	7	250	390.710042124861	21.0444289985016	0.147311002989511	622.385416666667
251	5	251	392.372587460499	25.5171069458564	0.178619748620995	622.385416666667
252	8	252	394.035132796137	13.0093328954192	0.0910653302679342	623.161458333333
253.001	9	253	395.697678131776	22.9962631072451	0.160973841750715	623.161458333333
254	12	254	397.360223467414	24.9916652796292	0.174941656957405	623.161458333333
255	9	255	399.022768803052	12.008998342458	0.084062988397206	623.161458333333
256	7	256	400.68531413869	18.8739658732051	0.132117761112436	622.385416666667
257.001	6	257	402.347859474328	23.3244182223683	0.163270927556578	622.7734375
258.001	2	258	404.010404809966	20.0201763337091	0.140141234335964	622.7734375
259	8	259	405.672950145604	16.0088625062835	0.112062037543984	622.7734375
260.001	7	260	407.335495481242	17.7736997011241	0.124415897907869	623.161458333333
261.001	6	261	408.99804081688	15.5363940029519	0.108754758020663	622.7734375
262.001	11	262	410.660586152518	24.9935166817727	0.174954616772409	623.161458333333
263	7	263	412.323131488156	20.9945204301677	0.146961643011174	623.9375
264.001	5	264	413.985676823794	23.9920178556594	0.167944124989616	622.7734375
265.001	7	265	415.648222159432	18.0474648325095	0.126332253827566	623.9375
266	7	266	417.31076749507	25.539440168809	0.178776081181663	623.549479166667
267.001	6	267	418.973312830708	10.9892349454474	0.0769246446181321	622.7734375
268.001	7	268	420.635858166346	23.333271111277	0.163332897778939	622.7734375
269.001	8	269	422.298403501984	15.5370595493321	0.108759416845324	622.7734375
270	8	270	423.960948837622	25.0158725711464	0.175111107998025	623.9375
271.001	7	271	425.62349417326	25.0632923321263	0.175443046324884	622.7734375
272.001	10	272	427.286039508898	21.0736047776302	0.147515233443411	623.549479166667
273.001	9	273	428.948584844536	18.8638481784236	0.132046937248965	623.9375
274	4	274	430.611130180174	17.0198689950648	0.119139082965454	623.9375
275	6	275	432.273675515812	16.9885768809053	0.118920038166337	623.161458333333
276	10	276	433.936220851451	18.9952682786718	0.132966877950702	623.9375
277.001	9	277	435.598766187089	13.0017955479652	0.0910125688357562	623.549479166667
278	4	278	437.261311522727	19.997360348434	0.139981522439038	623.161458333333
279.001	4	279	438.923856858365	14.0162378115046	0.0981136646805324	623.9375
280.001	11	280	440.586402194003	17.7598147118531	0.124318702982972	623.161458333333
281	6	281	442.248947529641	14.0030932833063	0.098021652983144	622.7734375
282.001	4	282	443.911492865279	26.0187100544001	0.182130970380801	622.7734375
283	12	283	445.574038200917	23.0087962628113	0.161061573839679	622.385416666667
284.001	10	284	447.236583536555	17.7619479350681	0.124333635545477	622.7734375
285.001	8	285	448.899128872193	18.0000702002738	0.126000491401916	622.7734375
286.001	9	286	450.561674207831	21.0971190329436	0.147679833230605	622.7734375
287.001	6	287	452.224219543469	24.0385458082035	0.168269820657424	622.385416666667
288	8	288	453.886764879107	16.9733450589195	0.118813415412436	622.385416666667
289.001	6	289	455.549310214745	20.0022302486727	0.140015611740709	622.385416666667
290	8	290	457.211855550383	17.0283402667059	0.119198381866941	622.385416666667
291.001	10	291	458.874400886021	19.9889194756373	0.139922436329461	622.7734375
292	9	292	460.536946221659	22.2132233986099	0.155492563790269	622.7734375
293	7	293	462.199491557297	14.4428108020671	0.101099675614469	623.9375
294.001	9	294	463.862036892935	14.4404316089496	0.101083021262647	623.161458333333
295	6	295	465.524582228573	20.0053474293679	0.140037432005575	623.549479166667
296	11	296	467.187127564211	20.9929631587492	0.146950742111244	622.7734375
297.001	11	297	468.84967289985	16.019093157134	0.112133652099938	622.7734375
298.001	6	298	470.512218235488	15.5380924660784	0.108766647262549	623.549479166667
299	9	299	472.174763571126	18.8800865729711	0.132160606010798	622.7734375
300	8	300	473.837308906764	16.0012176926664	0.112008523848665	623.161458333333
	6	301	475.499854242402			
	10	302	477.16239957804			
	11	303	478.824944913678			
	5	304	480.487490249316			
	12	305	482.150035584954			
	10	306	483.812580920592			
	9	307	485.47512625623			
	7	308	487.137671591868			
	12	309	488.800216927506			
	10	310	490.462762263144			
	5	311	492.125307598782			
	14	312	493.78785293442			
	5	313	495.450398270058			
	17	314	497.112943605696			
	14	315	498.775488941334			
	17	316	500.438034276972			
	19	317	502.10057961261			
	11	318	503.763124948249			
	14	319	505.425670283887			
	14	320	507.088215619525			
	19	321	508.750760955163			
	12	322	510.413306290801			
	18	323	512.075851626439			
	17	324	513.738396962077			
	15	325	515.400942297715			
	19	326	517.063487633353			
	16	327	518.726032968991			
	15	328	520.388578304629			
	10	329	522.051123640267			
	18	330	523.713668975905			
	18	331	525.376214311543			
	14	332	527.038759647181			
	17	333	528.701304982819			
	19	334	530.363850318457			
	17	335	532.026395654095			
	11	336	533.688940989733			
	16	337	535.351486325371			
	9	338	537.014031661009			
	16	339	538.676576996647			
	14	340	540.339122332285			
	23	341	542.001667667924			
	20	342	543.664213003562			
	18	343	545.3267583392			
	18	344	546.989303674838			
	13	345	548.651849010476			
	13	346	550.314394346114			
	21	347	551.976939681752			
	17	348	553.63948501739			
	16	349	555.302030353028			
	16	350	556.964575688666			
	16	351	558.627121024304			
	22	352	560.289666359942			
	17	353	561.95221169558			
	15	354	563.614757031218			
	10	355	565.277302366856			
	15	356	566.939847702494			
	18	357	568.602393038132			
	16	358	570.26493837377			
	21	359	571.927483709408			
	13	360	573.590029045046			
	17	361	575.252574380684			
	6	362	576.915119716322			
	11	363	578.57766505196			
	9	364	580.240210387598			
	11	365	581.902755723237			
	10	366	583.565301058875			
	10	367	585.227846394513			
	15	368	586.890391730151			
	3	369	588.552937065789			
	6	370	590.215482401427			
	4	371	591.878027737065			
	8	372	593.540573072703			
	9	373	595.203118408341			
	4	374	596.865663743979			
	5	375	598.528209079617			
	5	376	600.190754415255			
	1	377	601.853299750893			
	6	378	603.515845086531			
	5	379	605.178390422169			
	3	380	606.840935757807			
	4	381	608.503481093445			
	5	382	610.166026429083			
	4	383	611.828571764721			
	5	384	613.491117100359			
	8	385	615.153662435997			
	5	386	616.816207771636			
	3	387	618.478753107274			
	2	388	620.141298442912			
	4	389	621.80384377855			
	8	390	623.466389114188			
	5	391	625.128934449826			
	1	392	626.791479785464			
	3	393	628.454025121102			
	5	394	630.11657045674			
	5	395	631.779115792378			
	3	396	633.441661128016			
	2	397	635.104206463654			
	3	398	636.766751799292			
	0	399	638.42929713493			
	3	400	640.091842470568			
	1	401	641.754387806206			
	7	402	643.416933141844			
	5	403	645.079478477482			
	4	404	646.74202381312			
	1	405	648.404569148758			
	1	406	650.067114484396			
	4	407	651.729659820034			
	3	408	653.392205155673			
	2	409	655.054750491311			
	4	410	656.717295826949			
	1	411	658.379841162587			
	2	412	660.042386498225			
	3	413	661.704931833863			
	6	414	663.367477169501			
	1	415	665.030022505139			
	3	416	666.692567840777			
	4	417	668.355113176415			
	4	418	670.017658512053			
	2	419	671.680203847691			
	2	420	673.342749183329			
	4	421	675.005294518967			
	2	422	676.667839854605			
	4	423	678.330385190243			
	5	424	679.992930525881			
	3	425	681.655475861519			
	5	426	683.318021197157			
	6	427	684.980566532795			
	0	428	686.643111868433			
	1	429	688.305657204072			
	3	430	689.96820253971			
	0	431	691.630747875348			
	3	432	693.293293210986			
	2	433	694.955838546624			
	3	434	696.618383882262			
	2	435	698.2809292179			
	0	436	699.943474553538			
	2	437	701.606019889176			
	3	438	703.268565224814			
	1	439	704.931110560452			
	0	440	706.59365589609			
	4	441	708.256201231728			
	4	442	709.918746567366			
	2	443	711.581291903004			
	3	444	713.243837238642			
	2	445	714.90638257428			
	4	446	716.568927909918			
	1	447	718.231473245556			
	0	448	719.894018581194			
	0	449	721.556563916832			
	2	450	723.21910925247			
	1	451	724.881654588108			
	0	452	726.544199923746			
	4	453	728.206745259384			
	1	454	729.869290595023			
	2	455	731.531835930661			
	1	456	733.194381266299			
	1	457	734.856926601937			
	1	458	736.519471937575			
	3	459	738.182017273213			
	1	460	739.844562608851			
	1	461	741.507107944489			
	2	462	743.169653280127			
	4	463	744.832198615765			
	0	464	746.494743951403			
	1	465	748.157289287041			
	4	466	749.819834622679			
	1	467	751.482379958317			
	3	468	753.144925293955			
	2	469	754.807470629593			
	2	470	756.470015965231			
	0	471	758.132561300869			
	2	472	759.795106636507			
	1	473	761.457651972145			
	1	474	763.120197307783			
	1	475	764.782742643421			
	1	476	766.44528797906			
	1	477	768.107833314698			
	1	478	769.770378650336			
	0	479	771.432923985974			
	3	480	773.095469321612			
	1	481	774.75801465725			
	1	482	776.420559992888			
	1	483	778.083105328526			
	0	484	779.745650664164			
	1	485	781.408195999802			
	0	486	783.07074133544			
	1	487	784.733286671078			
	2	488	786.395832006716			
	1	489	788.058377342354			
	1	490	789.720922677992			
	4	491	791.38346801363			
	1	492	793.046013349268			
	3	493	794.708558684906			
	1	494	796.371104020544			
	0	495	798.033649356182			
	1	496	799.69619469182			
	1	497	801.358740027458			
	2	498	803.021285363096			
	1	499	804.683830698734			
	2	500	806.346376034373			
	2	501	808.008921370011			
	1	502	809.671466705649			
	2	503	811.334012041287			
	4	504	812.996557376925			
	0	505	814.659102712563			
	0	506	816.321648048201			
	2	507	817.984193383839			
	1	508	819.646738719477			
	3	509	821.309284055115			
	0	510	822.971829390753			
	34	511	824.634374726391			
