MIN=0	0	0	0	0	0	0
MAX=300	100	511	824.634374726391	1000	100	2000
SCALE=300	5	100	500	500	50	500
DEC=0	0	0	1	0	0	0
DEF="Time" t / s	"Events" N	"Channel" n	"Energy" E / keV	"Rate" R / 1/s	"Dead time" t / %	"Voltage" U / V
0	0	0	-24.9262917846498			621.609375
1.001	0	1	-23.2637464490117	16.9349999772436	0.118544999840705	623.161458333333
2	0	2	-21.6012011133737	9.9821928770399	0.0698753501392793	623.549479166667
3	0	3	-19.9386557777357	13.3223305685427	0.0932563139797987	623.161458333333
4.001	4	4	-18.2761104420976	20.9892912635973	0.146925038845181	623.9375
5	1	5	-16.6135651064596	20.0037146898179	0.140026002828725	623.161458333333
6	4	6	-14.9510197708215	19.049735048264	0.133348145337848	623.549479166667
7	4	7	-13.2884744351835	16.6347316784511	0.116443121749158	623.161458333333
8.001	5	8	-11.6259290995454	14.4291671629005	0.101004170140304	623.161458333333
9.001	5	9	-9.96338376390739	18.0128539725948	0.126089977808164	622.385416666667
9.999	3	10	-8.30083842826934	20.0163533606957	0.14011447352487	622.385416666667
11	12	11	-6.63829309263129	25.5394373328832	0.178776061330183	622.385416666667
12.001	4	12	-4.97574775699325	21.0238052546899	0.147166636782829	621.609375
13.001	5	13	-3.3132024213552	22.2218395127639	0.155552876589348	622.385416666667
14	2	14	-1.65065708571716	18.8601146406521	0.132020802484565	622.7734375
15	5	15	0.0118882499208794	19.0081183673547	0.133056828571483	622.385416666667
16	4	16	1.67443358555892	16.6476236349642	0.11653336544475	622.7734375
17	8	17	3.33697892119698	19.0215399918868	0.133150779943208	623.161458333333
18.001	8	18	4.99952425683502	22.1979697070967	0.155385787949677	623.161458333333
19.001	8	19	6.66206959247306	17.7732554716633	0.124412788301643	623.549479166667
20.001	9	20	8.3246149281111	26.6581419852629	0.186606993896841	623.161458333333
21.001	3	21	9.98716026374915	16.0269621584391	0.112188735109074	623.549479166667
22.001	5	22	11.6497055993872	25.5352380178394	0.178746666124876	623.549479166667
23	5	23	13.3122509350252	23.3066549822636	0.163146584875845	622.7734375
24.001	7	24	14.9747962706633	21.0066486042833	0.147046540229983	622.7734375
25	8	25	16.6373416063013	21.001060553558	0.147007423874906	623.549479166667
26	12	26	18.2998869419394	16.0177620963887	0.112124334674721	622.7734375
27.001	12	27	19.9624322775774	17.9784438458289	0.125849106920802	622.7734375
28.001	6	28	21.6249776132155	20.0051013008317	0.140035709105822	621.997395833333
29	5	29	23.2875229488535	25.0147086486854	0.175102960540798	621.997395833333
30	13	30	24.9500682844916	15.0104818194545	0.105073372736182	621.609375
31	10	31	26.6126136201296	12.2065273406238	0.0854456913843667	622.7734375
32.001	10	32	28.2751589557676	14.9953064690752	0.104967145283526	623.549479166667
33	6	33	29.9377042914057	13.3263207272262	0.0932842450905834	622.7734375
33.999	11	34	31.6002496270437	19.9878873402718	0.139915211381903	623.549479166667
35	10	35	33.2627949626818	20.0522220017592	0.140365554012314	622.7734375
36.001	10	36	34.9253402983198	23.2662902254769	0.162864031578339	623.161458333333
36.999	14	37	36.5878856339579	26.026296970459	0.182184078793213	623.161458333333
38	12	38	38.2504309695959	21.0301488213503	0.147211041749452	622.7734375
39.001	16	39	39.912976305234	23.9543382404461	0.167680367683122	622.7734375
40	16	40	41.575521640872	24.0130583011041	0.168091408107729	623.9375
41	24	41	43.23806697651	17.0212953426031	0.119149067398222	623.549479166667
42.001	10	42	44.9006123121481	22.2030733050007	0.155421513135005	623.161458333333
43	17	43	46.5631576477861	23.992034644498	0.167944242511486	622.7734375
44	16	44	48.2257029834242	23.9855678838043	0.16789897518663	621.609375
45.001	14	45	49.8882483190622	9.97605746209098	0.0698324022346369	622.7734375
46	17	46	51.5507936547003	26.0216526171427	0.182151568319999	622.385416666667
47.001	15	47	53.2133389903383	19.0033160786557	0.13302321255059	623.161458333333
48.001	13	48	54.8758843259764	18.9880660005187	0.132916462003631	622.7734375
49	14	49	56.5384296616144	21.0353225135648	0.147247257594953	623.161458333333
50.001	21	50	58.2009749972525	14.4078644774101	0.100855051341871	623.161458333333
51	13	51	59.8635203328905	17.035336398291	0.119247354788037	623.161458333333
52	18	52	61.5260656685285	17.7642690380782	0.124349883266547	623.161458333333
53.001	19	53	63.1886110041666	20.0157443845329	0.14011021069173	622.7734375
54	21	54	64.8511563398046	14.4287988169273	0.101001591718491	623.161458333333
55.001	27	55	66.5137016754427	17.0044993905387	0.119031495733771	623.9375
56.001	23	56	68.1762470110807	28.0006328143016	0.196004429700111	623.161458333333
57.001	26	57	69.8387923467188	21.0143233628041	0.147100263539629	622.385416666667
58.001	28	58	71.5013376823568	14.4438474320839	0.101106932024587	621.997395833333
59.001	42	59	73.1638830179949	17.7506961323785	0.124254872926649	622.385416666667
60	45	60	74.8264283536329	18.0119274983894	0.126083492488726	621.609375
61	52	61	76.4889736892709	12.2134882210899	0.0854944175476293	622.7734375
62	45	62	78.151519024909	16.0227474946181	0.112159232462327	622.7734375
63.001	46	63	79.814064360547	18.8700167754449	0.132090117428114	623.161458333333
64	48	64	81.4766096961851	17.7708747801965	0.124396123461375	622.7734375
65	50	65	83.1391550318231	18.0007110280856	0.126004977196599	623.161458333333
66.001	36	66	84.8017003674612	13.3225672187353	0.0932579705311474	622.7734375
67.001	32	67	86.4642457030992	25.5337695759363	0.178736387031554	624.325520833333
68	25	68	88.1267910387373	13.0016499093735	0.0910115493656145	623.549479166667
69.001	33	69	89.7893363743753	22.2116223424488	0.155481356397142	622.7734375
70	25	70	91.4518817100133	24.0177587308056	0.168124311115639	623.161458333333
71	33	71	93.1144270456514	17.9848118264126	0.125893682784888	623.9375
72	23	72	94.7769723812894	17.0428217940397	0.119299752558278	622.7734375
73	27	73	96.4395177169275	18.83228323045	0.13182598261315	622.385416666667
74.001	12	74	98.1020630525655	10.0097675311569	0.0700683727180983	621.997395833333
75.001	22	75	99.7646083882036	17.761184884166	0.124328294189162	621.609375
76.001	32	76	101.427153723842	15.0145385777048	0.105101770043934	622.7734375
77	23	77	103.08969905948	15.5539932433453	0.108877952703417	622.385416666667
78	21	78	104.752244395118	18.8728092554033	0.132109664787823	622.385416666667
79	16	79	106.414789730756	17.76544658391	0.12435812608737	623.161458333333
80.001	21	80	108.077335066394	12.0079708910775	0.0840557962375425	623.161458333333
81	21	81	109.739880402032	9.99666211451996	0.0699766348016397	623.549479166667
82	24	82	111.40242573767	21.1102901553828	0.14777203108768	623.549479166667
83	24	83	113.064971073308	22.0066790270847	0.154046753189593	623.9375
84	22	84	114.727516408946	18.9937928285036	0.132956549799526	623.549479166667
85.001	18	85	116.390061744584	13.0059918604501	0.0910419430231508	623.161458333333
86.001	27	86	118.052607080222	16.9965395045569	0.118975776531898	623.161458333333
87	23	87	119.71515241586	28.0539702279245	0.196377791595471	623.161458333333
88	26	88	121.377697751498	22.2074345383124	0.155452041768187	623.161458333333
89.001	25	89	123.040243087136	15.5375854747548	0.108763098323284	622.7734375
90.001	13	90	124.702788422774	17.746356867036	0.124224498069252	623.549479166667
91.001	28	91	126.365333758412	31.0113253360127	0.217079277352089	622.7734375
92	16	92	128.02787909405	22.0238165552228	0.15416671588656	621.997395833333
93	23	93	129.690424429688	12.2130054740911	0.0854910383186378	622.385416666667
93.999	19	94	131.352969765326	13.0050758811164	0.0910355311678148	622.385416666667
95	21	95	133.015515100964	18.0038474221941	0.126026931955359	622.7734375
96	31	96	134.678060436603	7.98782017180204	0.0559147412026143	622.7734375
97.001	14	97	136.340605772241	16.0180988498905	0.112126691949233	622.7734375
98	24	98	138.003151107879	18.0096693914963	0.126067685740474	623.161458333333
99.001	22	99	139.665696443517	25.5343648698652	0.178740554089057	623.9375
100	22	100	141.328241779155	21.0101100649633	0.147070770454743	623.9375
101.001	31	101	142.990787114793	13.321948987815	0.0932536429147048	623.9375
102	21	102	144.653332450431	22.0420010329683	0.154294007230778	623.161458333333
103.001	19	103	146.315877786069	20.9949507143532	0.146964655000472	623.161458333333
104	19	104	147.978423121707	24.4224506708126	0.170957154695688	623.549479166667
104.999	18	105	149.640968457345	15.9874530468488	0.111912171327942	622.7734375
106	23	106	151.303513792983	16.0143889284522	0.112100722499165	623.9375
107	23	107	152.966059128621	22.2124364099594	0.155487054869716	622.7734375
108	22	108	154.628604464259	15.0038574917611	0.105027002442328	623.161458333333
109	17	109	156.291149799897	16.0079911892017	0.112055938324412	622.7734375
110.001	23	110	157.953695135535	14.9892661864839	0.104924863305387	623.161458333333
111.001	15	111	159.616240471173	21.0947931167024	0.147663551816917	622.7734375
112	20	112	161.278785806811	17.7777738271614	0.12444441679013	621.997395833333
113	17	113	162.941331142449	24.0127675885268	0.168089373119688	621.997395833333
114	17	114	164.603876478087	15.9965527428839	0.111975869200187	621.997395833333
115.001	13	115	166.266421813725	15.0149098054368	0.105104368638058	623.549479166667
116	14	116	167.928967149363	18.8845769104943	0.13219203837346	623.549479166667
117	15	117	169.591512485001	15.5433264117421	0.108803284882194	623.549479166667
118.001	15	118	171.254057820639	22.2073926189289	0.155451748332502	622.7734375
119	20	119	172.916603156278	13.0016902197286	0.0910118315381	622.7734375
120	14	120	174.579148491916	13.9954374873791	0.0979680624116538	623.549479166667
121	27	121	176.241693827554	18.0312355092727	0.126218648564909	622.7734375
122.001	24	122	177.904239163192	19.9412287674382	0.139588601372067	622.7734375
123	21	123	179.56678449883	18.0258526779107	0.126180968745375	621.997395833333
124	23	124	181.229329834468	18.8720864412607	0.132104605088825	622.7734375
125	25	125	182.891875170106	29.9841716889229	0.20988920182246	623.9375
126.001	16	126	184.554420505744	19.0090578160493	0.133063404712345	621.997395833333
127	15	127	186.216965841382	15.0225593774171	0.105157915641919	623.161458333333
128.001	17	128	187.87951117702	29.9959072251031	0.209971350575721	623.161458333333
129.001	12	129	189.542056512658	14.4272391602326	0.100990674121628	622.7734375
130.001	17	130	191.204601848296	17.764257204239	0.124349800429673	622.7734375
131.001	23	131	192.867147183934	18.0180071963921	0.126126050374745	623.549479166667
132	21	132	194.529692519572	14.0055938341774	0.0980391568392416	623.549479166667
133	23	133	196.19223785521	15.0012301008683	0.105008610706078	623.9375
134	16	134	197.854783190848	28.8751346997269	0.202125942898088	622.7734375
135	23	135	199.517328526486	17.000215902742	0.119001511319194	622.7734375
136.001	17	136	201.179873862124	18.0144836448505	0.126101385513953	622.385416666667
137	21	137	202.842419197762	17.9730242878464	0.125811170014925	621.609375
138	13	138	204.5049645334	15.0179058491439	0.105125340944008	622.7734375
139	27	139	206.167509869038	22.9695286233283	0.160786700363298	621.997395833333
140	24	140	207.830055204676	18.0197893326451	0.126138525328516	622.7734375
141.001	21	141	209.492600540315	17.7681829589799	0.124377280712859	622.7734375
142.001	17	142	211.155145875953	24.0102355634207	0.168071648943945	622.7734375
143	20	143	212.817691211591	16.9917742820701	0.11894241997449	622.7734375
144.001	15	144	214.480236547229	23.0163462090777	0.161114423463544	622.7734375
145	17	145	216.142781882867	13.3244355713574	0.0932710489995014	623.549479166667
146	16	146	217.805327218505	12.1946190245812	0.0853623331720687	623.549479166667
147.001	13	147	219.467872554143	24.0285723754116	0.168200006627881	622.385416666667
148.001	13	148	221.130417889781	12.2025652454524	0.0854179567181667	622.7734375
149.001	20	149	222.792963225419	22.0352961373528	0.15424707296147	622.385416666667
150.001	19	150	224.455508561057	12.213589928274	0.0854951294979182	621.609375
151	8	151	226.118053896695	24.4011540858568	0.170808078600998	621.997395833333
152.001	14	152	227.780599232333	23.0428297075775	0.161299807953042	623.161458333333
153.001	15	153	229.443144567971	15.5490370536885	0.108843259375819	623.161458333333
153.999	19	154	231.105689903609	17.9924665542537	0.125947265879776	623.161458333333
155	15	155	232.768235239247	8.01499766362818	0.0561049836453973	622.7734375
156.001	19	156	234.430780574885	19.9472108147571	0.1396304757033	623.549479166667
157	10	157	236.093325910523	13.0220489332538	0.0911543425327765	623.549479166667
158.001	14	158	237.755871246161	24.3921017044203	0.170744711930942	622.7734375
159.001	15	159	239.418416581799	25.0387875858492	0.175271513100945	622.7734375
160.001	17	160	241.080961917437	24.4256014499037	0.170979210149326	622.7734375
161	10	161	242.743507253075	17.0056016451819	0.119039211516273	622.385416666667
162.001	15	162	244.406052588713	21.0742569189281	0.147519798432497	622.7734375
163	20	163	246.068597924352	19.0439076334397	0.133307353434078	622.7734375
164	15	164	247.73114325999	25.5063849135278	0.178544694394695	623.549479166667
165	19	165	249.393688595628	22.0236048997315	0.154165234298121	623.9375
166	14	166	251.056233931266	20.9730936181972	0.146811655327381	623.549479166667
167	16	167	252.718779266904	25.0110098465344	0.175077068925741	623.161458333333
168	16	168	254.381324602542	18.989212228533	0.132924485599731	623.549479166667
168.999	16	169	256.04386993818	19.0315924434561	0.133221147104193	623.549479166667
170	13	170	257.706415273818	17.7695859986324	0.124387101990427	623.549479166667
170.999	9	171	259.368960609456	19.0527819217578	0.133369473452305	623.161458333333
171.999	17	172	261.031505945094	15.5069481650351	0.108548637155246	622.385416666667
173.001	15	173	262.694051280732	19.0077057239005	0.133053940067303	622.385416666667
174	22	174	264.35659661637	20.012061269327	0.140084428885289	622.7734375
174.999	17	175	266.019141952008	17.9889278149299	0.125922494704509	621.997395833333
176	15	176	267.681687287646	17.7712359883523	0.124398651918466	622.385416666667
177	9	177	269.344232623284	13.9845750137598	0.0978920250963188	623.161458333333
178.001	11	178	271.006777958922	23.045849718014	0.161320948026098	623.549479166667
179	20	179	272.66932329456	16.6449930362897	0.116514951254028	624.713541666667
180	17	180	274.331868630198	25.0469605463283	0.175328723824298	622.7734375
181	11	181	275.994413965836	15.9717730854261	0.111802411597983	622.7734375
182	11	182	277.656959301474	22.982896128701	0.160880272900907	622.7734375
183.001	8	183	279.319504637112	22.0262067808278	0.154183447465795	623.9375
184.001	10	184	280.98204997275	16.0291361607995	0.112203953125596	622.7734375
185	16	185	282.644595308388	9.99034045082188	0.0699323831557532	622.7734375
186	11	186	284.307140644027	28.8632679280581	0.202042875496407	621.997395833333
187	10	187	285.969685979665	25.9944657782358	0.181961260447651	623.549479166667
188	11	188	287.632231315303	25.5162152219534	0.178613506553673	622.7734375
189	6	189	289.294776650941	22.0112213206293	0.154078549244405	623.549479166667
190	12	190	290.957321986579	17.0207772628047	0.119145440839633	623.549479166667
191.001	8	191	292.619867322217	18.866745618448	0.132067219329136	623.549479166667
192.001	11	192	294.282412657855	25.0228508674121	0.175159956071885	622.7734375
193	11	193	295.944957993493	21.0962593445326	0.147673815411728	623.161458333333
194	17	194	297.607503329131	15.9982721866038	0.111987905306227	622.7734375
195.001	9	195	299.270048664769	19.0276757543848	0.133193730280693	622.385416666667
196	8	196	300.932594000407	22.2205211178833	0.155543647825183	622.7734375
196.999	15	197	302.595139336045	17.7546395369856	0.124282476758899	621.609375
198.001	7	198	304.257684671683	24.9907734064583	0.174935413845208	622.385416666667
199.001	13	199	305.920230007321	27.0651810755843	0.18945626752909	623.9375
200.001	8	200	307.582775342959	22.1592088187447	0.155114461731213	622.7734375
201	13	201	309.245320678597	23.0532599464543	0.16137281962518	622.7734375
202.001	11	202	310.907866014235	21.0992861334159	0.147695002933911	622.7734375
203	6	203	312.570411349873	25.5539513352773	0.178877659346941	623.549479166667
204	10	204	314.232956685511	17.7766953745483	0.124436867621838	623.161458333333
205.001	6	205	315.895502021149	17.7657247205396	0.124360073043777	623.161458333333
206	10	206	317.558047356787	11.9957582998652	0.0839703080990562	622.7734375
207.001	10	207	319.220592692425	17.0003876088375	0.119002713261862	622.385416666667
208	12	208	320.883138028064	23.0575678296002	0.161402974807201	623.161458333333
209.001	11	209	322.545683363702	15.5452559598568	0.108816791718998	622.385416666667
210.001	14	210	324.20822869934	24.3734662026993	0.170614263418895	622.7734375
211	12	211	325.870774034978	19.0316458206706	0.133221520744694	622.7734375
212.001	9	212	327.533319370616	21.1042053461395	0.147729437422977	623.161458333333
213	8	213	329.195864706254	16.0083948022343	0.11205876361564	623.549479166667
214	7	214	330.858410041892	22.1750804650514	0.155225563255359	623.549479166667
215.001	15	215	332.52095537753	18.026724619248	0.126187072334736	623.161458333333
216.001	11	216	334.183500713168	13.3173938925544	0.0932217572478806	623.161458333333
217	13	217	335.846046048806	21.0193735566071	0.14713561489625	622.7734375
218	14	218	337.508591384444	9.98713158095794	0.0699099210667055	622.385416666667
219	17	219	339.171136720082	20.0526060065977	0.140368242046184	622.385416666667
220.001	6	220	340.83368205572	11.9692593512083	0.083784815458458	622.385416666667
221	6	221	342.496227391358	28.0457004689141	0.196319903282399	622.7734375
222.001	16	222	344.158772726996	20.0216955092538	0.140151868564777	622.7734375
223	9	223	345.821318062634	19.9645695439161	0.139751986807412	622.385416666667
224.001	11	224	347.483863398272	15.0035288299808	0.105024701809866	622.7734375
225	7	225	349.14640873391	18.8860727655943	0.13220250935916	623.549479166667
226.001	13	226	350.808954069548	14.0126562311079	0.0980885936177556	623.549479166667
227.001	14	227	352.471499405186	10.0125757951988	0.0700880305663914	623.9375
228	12	228	354.134044740824	16.6452664024952	0.116516864817466	623.9375
229	11	229	355.796590076463	12.970985203199	0.0907968964223927	622.7734375
230.001	14	230	357.459135412101	21.0410152510288	0.147287106757202	623.161458333333
231	10	231	359.121680747739	13.3116634243522	0.0931816439704654	622.7734375
232.001	13	232	360.784226083377	22.0286129653807	0.154200290757665	622.385416666667
233	11	233	362.446771419015	25.5479422687595	0.178835595881316	622.385416666667
234.001	10	234	364.109316754653	16.6603227859792	0.116622259501854	621.997395833333
235	15	235	365.771862090291	16.9932842540628	0.11895298977844	622.7734375
235.999	8	236	367.434407425929	17.0109788857729	0.11907685220041	622.7734375
237.001	11	237	369.096952761567	19.9843462615733	0.139890423831013	622.7734375
238.001	13	238	370.759498097205	24.0374166427461	0.168261916499223	622.7734375
238.999	6	239	372.422043432843	21.0943083226261	0.147660158258383	622.7734375
240.001	5	240	374.084588768481	18.8874429502008	0.132212100651406	623.549479166667
241.001	10	241	375.747134104119	16.9971495780158	0.11898004704611	622.7734375
242	8	242	377.409679439757	13.3329570476567	0.0933306993335966	623.549479166667
243.001	4	243	379.072224775395	18.0314992259979	0.126220494581985	622.385416666667
244.001	7	244	380.734770111033	22.9982268367109	0.160987587856976	622.7734375
245	6	245	382.397315446671	13.31824524128	0.0932277166889599	621.609375
246.006	6	246	384.059860782309	24.4120415279896	0.170884290695927	622.385416666667
247	5	247	385.722406117947	21.0972150787792	0.147680505551455	621.609375
248	10	248	387.384951453585	20.0150653396812	0.140105457377768	622.7734375
249.001	10	249	389.047496789223	16.6607132384695	0.116624992669286	622.7734375
250.001	9	250	390.710042124861	25.5525091286339	0.178867563900437	623.161458333333
251	16	251	392.372587460499	17.9999172003809	0.125999420402666	623.549479166667
252	7	252	394.035132796137	24.0512291180214	0.16835860382615	622.7734375
253.001	12	253	395.697678131776	22.9840651476331	0.160888456033432	623.549479166667
254	13	254	397.360223467414	17.7698622913416	0.124389036039391	622.385416666667
255	8	255	399.022768803052	15.0144484036989	0.105101138825892	623.549479166667
256.001	10	256	400.68531413869	13.9778883783743	0.0978452186486198	621.997395833333
257	8	257	402.347859474328	22.050939876208	0.154356579133456	621.997395833333
258.001	7	258	404.010404809966	17.7499990292969	0.124249993205079	621.609375
259	10	259	405.672950145604	16.6488819609808	0.116542173726866	622.7734375
260.001	8	260	407.335495481242	15.996410405505	0.111974872838535	623.9375
261	14	261	408.99804081688	18.0068876345202	0.126048213441641	623.161458333333
262	7	262	410.660586152518	16.6557386514737	0.116590170560316	623.9375
263	10	263	412.323131488156	22.2135342621552	0.155494739835087	623.161458333333
264.001	8	264	413.985676823794	23.9982265310594	0.167987585717415	623.549479166667
265	9	265	415.648222159432	19.0097082580074	0.133067957806052	623.161458333333
266.001	11	266	417.31076749507	15.0077064572658	0.105053945200861	623.549479166667
267.001	8	267	418.973312830708	18.9784784054882	0.132849348838417	622.7734375
268.001	11	268	420.635858166346	24.4195094120559	0.170936565884391	622.385416666667
269	4	269	422.298403501984	12.0199133905141	0.0841393937335985	621.997395833333
270.001	7	270	423.960948837622	17.776181871672	0.124433273101704	621.609375
271.001	6	271	425.62349417326	17.007838912955	0.119054872390685	621.997395833333
272.002	5	272	427.286039508898	13.3315765278042	0.0933210356946296	622.7734375
273	5	273	428.948584844536	25.5421459289429	0.1787950215026	622.7734375
274	9	274	430.611130180174	28.0556371340004	0.196389459938003	623.549479166667
275.001	6	275	432.273675515812	16.62749966745	0.11639249767215	622.7734375
276.001	7	276	433.936220851451	9.99807814720059	0.0699865470304041	623.161458333333
277	7	277	435.598766187089	16.6658130066893	0.116660691046825	623.161458333333
278.001	10	278	437.261311522727	16.6543590952952	0.116580513667067	623.161458333333
279	7	279	438.923856858365	15.0358017475411	0.105250612232787	622.7734375
280	11	280	440.586402194003	22.1969103454583	0.155378372418208	623.161458333333
280.999	4	281	442.248947529641	17.0494963929785	0.119346474750849	622.7734375
282.001	10	282	443.911492865279	21.0868097343817	0.147607668140672	622.385416666667
282.999	10	283	445.574038200917	18.8626321049987	0.132038424734991	622.7734375
284	8	284	447.236583536555	18.0365673366183	0.126255971356328	622.7734375
285	3	285	448.899128872193	18.8758372960563	0.132130861072394	623.549479166667
286.001	9	286	450.561674207831	19.9557005620523	0.139689903934366	623.549479166667
287.001	9	287	452.224219543469	25.5552971631065	0.178887080141745	623.549479166667
288	8	288	453.886764879107	15.0225383142328	0.10515776819963	623.549479166667
288.999	6	289	455.549310214745	13.3101588678379	0.0931711120748652	623.9375
290	13	290	457.211855550383	16.0329155756769	0.112230409029738	623.161458333333
291.001	9	291	458.874400886021	17.0114265752306	0.119079986026614	623.549479166667
292	6	292	460.536946221659	9.98746462218087	0.0699122523552661	623.161458333333
293	7	293	462.199491557297	16.9890777219326	0.118923544053528	621.997395833333
294	5	294	463.862036892935	17.9885754557281	0.125920028190096	623.161458333333
295.001	6	295	465.524582228573	19.0071752086413	0.133050226460489	622.385416666667
296.001	7	296	467.187127564211	19.9728688549474	0.139810081984632	622.385416666667
297	7	297	468.84967289985	16.031448893294	0.112220142253058	622.7734375
298	12	298	470.512218235488	12.2117987735357	0.0854825914147502	623.161458333333
299	4	299	472.174763571126	22.0139238068078	0.154097466647655	623.549479166667
	14	300	473.837308906764			
	8	301	475.499854242402			
	11	302	477.16239957804			
	7	303	478.824944913678			
	9	304	480.487490249316			
	13	305	482.150035584954			
	4	306	483.812580920592			
	13	307	485.47512625623			
	14	308	487.137671591868			
	6	309	488.800216927506			
	12	310	490.462762263144			
	14	311	492.125307598782			
	11	312	493.78785293442			
	13	313	495.450398270058			
	12	314	497.112943605696			
	9	315	498.775488941334			
	13	316	500.438034276972			
	15	317	502.10057961261			
	11	318	503.763124948249			
	13	319	505.425670283887			
	18	320	507.088215619525			
	15	321	508.750760955163			
	15	322	510.413306290801			
	11	323	512.075851626439			
	11	324	513.738396962077			
	18	325	515.400942297715			
	18	326	517.063487633353			
	17	327	518.726032968991			
	14	328	520.388578304629			
	21	329	522.051123640267			
	13	330	523.713668975905			
	22	331	525.376214311543			
	21	332	527.038759647181			
	15	333	528.701304982819			
	12	334	530.363850318457			
	18	335	532.026395654095			
	11	336	533.688940989733			
	20	337	535.351486325371			
	12	338	537.014031661009			
	24	339	538.676576996647			
	18	340	540.339122332285			
	14	341	542.001667667924			
	13	342	543.664213003562			
	16	343	545.3267583392			
	18	344	546.989303674838			
	10	345	548.651849010476			
	19	346	550.314394346114			
	10	347	551.976939681752			
	17	348	553.63948501739			
	9	349	555.302030353028			
	15	350	556.964575688666			
	13	351	558.627121024304			
	12	352	560.289666359942			
	19	353	561.95221169558			
	18	354	563.614757031218			
	12	355	565.277302366856			
	17	356	566.939847702494			
	11	357	568.602393038132			
	10	358	570.26493837377			
	10	359	571.927483709408			
	8	360	573.590029045046			
	13	361	575.252574380684			
	14	362	576.915119716322			
	14	363	578.57766505196			
	11	364	580.240210387598			
	14	365	581.902755723237			
	10	366	583.565301058875			
	12	367	585.227846394513			
	8	368	586.890391730151			
	9	369	588.552937065789			
	6	370	590.215482401427			
	12	371	591.878027737065			
	10	372	593.540573072703			
	1	373	595.203118408341			
	11	374	596.865663743979			
	4	375	598.528209079617			
	10	376	600.190754415255			
	7	377	601.853299750893			
	13	378	603.515845086531			
	6	379	605.178390422169			
	5	380	606.840935757807			
	7	381	608.503481093445			
	7	382	610.166026429083			
	6	383	611.828571764721			
	4	384	613.491117100359			
	4	385	615.153662435997			
	6	386	616.816207771636			
	1	387	618.478753107274			
	5	388	620.141298442912			
	1	389	621.80384377855			
	3	390	623.466389114188			
	6	391	625.128934449826			
	1	392	626.791479785464			
	1	393	628.454025121102			
	2	394	630.11657045674			
	1	395	631.779115792378			
	8	396	633.441661128016			
	1	397	635.104206463654			
	2	398	636.766751799292			
	2	399	638.42929713493			
	1	400	640.091842470568			
	1	401	641.754387806206			
	7	402	643.416933141844			
	2	403	645.079478477482			
	4	404	646.74202381312			
	1	405	648.404569148758			
	2	406	650.067114484396			
	3	407	651.729659820034			
	5	408	653.392205155673			
	3	409	655.054750491311			
	3	410	656.717295826949			
	2	411	658.379841162587			
	2	412	660.042386498225			
	1	413	661.704931833863			
	3	414	663.367477169501			
	1	415	665.030022505139			
	2	416	666.692567840777			
	2	417	668.355113176415			
	4	418	670.017658512053			
	4	419	671.680203847691			
	1	420	673.342749183329			
	2	421	675.005294518967			
	1	422	676.667839854605			
	5	423	678.330385190243			
	4	424	679.992930525881			
	1	425	681.655475861519			
	1	426	683.318021197157			
	1	427	684.980566532795			
	2	428	686.643111868433			
	1	429	688.305657204072			
	1	430	689.96820253971			
	6	431	691.630747875348			
	2	432	693.293293210986			
	0	433	694.955838546624			
	1	434	696.618383882262			
	2	435	698.2809292179			
	1	436	699.943474553538			
	4	437	701.606019889176			
	5	438	703.268565224814			
	1	439	704.931110560452			
	2	440	706.59365589609			
	0	441	708.256201231728			
	1	442	709.918746567366			
	0	443	711.581291903004			
	1	444	713.243837238642			
	1	445	714.90638257428			
	0	446	716.568927909918			
	1	447	718.231473245556			
	4	448	719.894018581194			
	4	449	721.556563916832			
	0	450	723.21910925247			
	1	451	724.881654588108			
	3	452	726.544199923746			
	0	453	728.206745259384			
	2	454	729.869290595023			
	4	455	731.531835930661			
	1	456	733.194381266299			
	2	457	734.856926601937			
	4	458	736.519471937575			
	1	459	738.182017273213			
	0	460	739.844562608851			
	4	461	741.507107944489			
	2	462	743.169653280127			
	1	463	744.832198615765			
	1	464	746.494743951403			
	4	465	748.157289287041			
	1	466	749.819834622679			
	2	467	751.482379958317			
	0	468	753.144925293955			
	1	469	754.807470629593			
	0	470	756.470015965231			
	2	471	758.132561300869			
	1	472	759.795106636507			
	2	473	761.457651972145			
	2	474	763.120197307783			
	1	475	764.782742643421			
	3	476	766.44528797906			
	1	477	768.107833314698			
	0	478	769.770378650336			
	1	479	771.432923985974			
	1	480	773.095469321612			
	1	481	774.75801465725			
	6	482	776.420559992888			
	1	483	778.083105328526			
	1	484	779.745650664164			
	2	485	781.408195999802			
	5	486	783.07074133544			
	1	487	784.733286671078			
	1	488	786.395832006716			
	3	489	788.058377342354			
	3	490	789.720922677992			
	0	491	791.38346801363			
	1	492	793.046013349268			
	3	493	794.708558684906			
	2	494	796.371104020544			
	3	495	798.033649356182			
	1	496	799.69619469182			
	2	497	801.358740027458			
	0	498	803.021285363096			
	1	499	804.683830698734			
	3	500	806.346376034373			
	0	501	808.008921370011			
	0	502	809.671466705649			
	2	503	811.334012041287			
	2	504	812.996557376925			
	0	505	814.659102712563			
	3	506	816.321648048201			
	1	507	817.984193383839			
	2	508	819.646738719477			
	2	509	821.309284055115			
	3	510	822.971829390753			
	34	511	824.634374726391			
