MIN=0	0	0	0	0	0	0
MAX=300	100	511	824.634374726391	1000	100	2000
SCALE=300	5	100	500	500	50	500
DEC=0	0	0	1	0	0	0
DEF="Time" t / s	"Events" N	"Channel" n	"Energy" E / keV	"Rate" R / 1/s	"Dead time" t / %	"Voltage" U / V
0	0	0	-24.9262917846498			622.7734375
1.001	0	1	-23.2637464490117	11.6316583710032	0.0814216085970221	622.385416666667
2	0	2	-21.6012011133737	14.4438747138307	0.101107122996815	622.7734375
3.001	0	3	-19.9386557777357	13.9821322332192	0.0978749256325342	623.161458333333
4	2	4	-18.2761104420976	16.9908538233869	0.118935976763708	622.7734375
5.001	4	5	-16.6135651064596	19.0228140609032	0.133159698426323	623.161458333333
6.001	5	6	-14.9510197708215	19.9964761765316	0.139975333235721	622.7734375
7.001	4	7	-13.2884744351835	19.9959519306203	0.139971663514342	623.161458333333
8.001	5	8	-11.6259290995454	23.2995231364265	0.163096661954985	625.489583333333
9.001	2	9	-9.96338376390739	16.0300113873193	0.112210079711235	623.161458333333
10	5	10	-8.30083842826934	18.8620377302888	0.132034264112022	622.385416666667
11.001	3	11	-6.63829309263129	11.007687769138	0.0770538143839658	621.997395833333
12.001	8	12	-4.97574775699325	13.3327955772451	0.0933295690407153	621.609375
13.001	5	13	-3.3132024213552	24.0147210239877	0.168103047167914	622.7734375
14.001	3	14	-1.65065708571716	14.4253692977764	0.100977585084434	622.385416666667
15.001	3	15	0.0118882499208794	11.0151149407217	0.0771058045850516	622.7734375
16.001	7	16	1.67443358555892	8.87690802202849	0.0621383561541994	622.7734375
17	4	17	3.33697892119698	21.0201478116775	0.147141034681742	623.161458333333
18.001	7	18	4.99952425683502	18.9915867270799	0.132941107089559	623.549479166667
19.001	8	19	6.66206959247306	12.0078651516743	0.0840550560617204	622.7734375
20.001	5	20	8.3246149281111	11.1033880878411	0.0777237166148879	622.385416666667
21	3	21	9.98716026374915	18.8764451167913	0.132135115817539	621.609375
22	5	22	11.6497055993872	18.0164562311215	0.126115193617851	622.385416666667
23.001	5	23	13.3122509350252	16.0251514752404	0.112176060326683	622.7734375
24	6	24	14.9747962706633	16.6366984272331	0.116456888990632	621.997395833333
25	7	25	16.6373416063013	16.6504916390666	0.116553441473466	623.161458333333
26.001	5	26	18.2998869419394	24.043239361668	0.168302675531676	622.7734375
27	6	27	19.9624322775774	17.0067159521295	0.119047011664906	623.161458333333
28.001	12	28	21.6249776132155	19.9870239798762	0.139909167859133	623.9375
29.001	16	29	23.2875229488535	12.2004755523543	0.0854033288664804	623.549479166667
30.001	14	30	24.9500682844916	8.88799416414303	0.0622159591490012	623.161458333333
31	9	31	26.6126136201296	20.0152916828457	0.14010704177992	622.7734375
32	16	32	28.2751589557676	9.00466351523454	0.0630326446066418	622.7734375
33.001	7	33	29.9377042914057	22.973626277034	0.160815383939238	622.7734375
34.001	6	34	31.6002496270437	12.0212186530445	0.0841485305713114	622.385416666667
35.001	6	35	33.2627949626818	18.882372372379	0.132176606606653	621.609375
36.001	7	36	34.9253402983198	18.8849901875813	0.132194931313069	622.385416666667
37.001	19	37	36.5878856339579	19.9839573231489	0.139887701262042	621.997395833333
38.001	19	38	38.2504309695959	17.0180033457395	0.119126023420176	622.7734375
39	13	39	39.912976305234	14.4226966204626	0.100958876343238	622.7734375
40.001	19	40	41.575521640872	15.016216011671	0.105113512081697	623.161458333333
41.001	16	41	43.23806697651	19.9970384386072	0.139979269070251	622.7734375
42.001	5	42	44.9006123121481	16.0075587692508	0.112052911384756	623.161458333333
43.001	18	43	46.5631576477861	16.0024019605343	0.11201681372374	622.7734375
44.001	16	44	48.2257029834242	14.4304533182605	0.101013173227824	623.549479166667
45	5	45	49.8882483190622	13.9954123038468	0.0979678861269276	622.7734375
46	13	46	51.5507936547003	16.0313396659129	0.11221937766139	623.549479166667
47	10	47	53.2133389903383	23.3256358734951	0.163279451114466	623.161458333333
48	16	48	54.8758843259764	12.2198312085824	0.0855388184600769	622.385416666667
49	22	49	56.5384296616144	23.3110816108757	0.16317757127613	621.997395833333
50.001	10	50	58.2009749972525	10.0083770115587	0.0700586390809107	621.609375
51.001	23	51	59.8635203328905	18.8823220368916	0.132176254258241	621.609375
52.001	15	52	61.5260656685285	12.2087315738331	0.085461121016832	622.385416666667
53.001	20	53	63.1886110041666	17.0113074160394	0.119079151912276	622.7734375
54	22	54	64.8511563398046	16.6565191450586	0.11659563401541	622.385416666667
55.001	24	55	66.5137016754427	13.9977757534328	0.0979844302740294	623.161458333333
56	25	56	68.1762470110807	14.041222220194	0.0982885555413583	623.549479166667
57.001	31	57	69.8387923467188	14.4438987860459	0.101107291502321	622.7734375
58	24	58	71.5013376823568	16.6469474326023	0.116528632028216	622.7734375
59	32	59	73.1638830179949	9.99964101288764	0.0699974870902135	622.7734375
60.001	52	60	74.8264283536329	16.0280362409927	0.112196253686949	622.7734375
61.001	35	61	76.4889736892709	17.7696649385297	0.124387654569708	623.161458333333
62.001	45	62	78.151519024909	14.4194331365894	0.100936031956126	622.385416666667
63.001	36	63	79.814064360547	12.0057183236376	0.0840400282654628	622.7734375
64	34	64	81.4766096961851	11.0045261616103	0.0770316831312719	622.7734375
65.001	29	65	83.1391550318231	17.008017579487	0.119056123056409	621.609375
66.001	32	66	84.8017003674612	20.0324445471886	0.14022711183032	623.161458333333
67	30	67	86.4642457030992	18.8399510693224	0.131879657485257	622.385416666667
68.001	26	68	88.1267910387373	15.0219350295301	0.105153545206711	622.385416666667
69.001	33	69	89.7893363743753	11.0945063332989	0.0776615443330926	622.7734375
70	37	70	91.4518817100133	18.0172172528068	0.126120520769647	622.7734375
71.001	27	71	93.1144270456514	14.4431670265608	0.101102169185925	622.7734375
72	26	72	94.7769723812894	11.1092854851964	0.0777649983963746	623.161458333333
73.001	26	73	96.4395177169275	12.2170137020472	0.0855190959143307	623.161458333333
74.001	18	74	98.1020630525655	9.99836915489785	0.0699885840842849	622.7734375
75	25	75	99.7646083882036	15.9769628173137	0.111838739721196	622.7734375
76.001	26	76	101.427153723842	21.0060161230176	0.147042112861123	622.385416666667
77	17	77	103.08969905948	16.024109875719	0.112168769130033	622.7734375
78.001	25	78	104.752244395118	24.4286092770531	0.171000264939372	622.385416666667
79	25	79	106.414789730756	12.2216382995035	0.0855514680965243	621.997395833333
80.001	20	80	108.077335066394	17.7617270970577	0.124332089679404	622.7734375
81	23	81	109.739880402032	21.0260618036056	0.147182432625239	621.997395833333
82	17	82	111.40242573767	12.9881132787273	0.0909167929510912	622.7734375
83	24	83	113.064971073308	13.993564359751	0.0979549505182566	622.7734375
84	23	84	114.727516408946	11.0125818747919	0.0770880731235436	622.385416666667
85	24	85	116.390061744584	16.9827285650493	0.118879099955345	622.7734375
86.001	29	86	118.052607080222	19.0238254389798	0.133166778072858	622.7734375
87	23	87	119.71515241586	12.2049359645844	0.0854345517520907	622.7734375
88	22	88	121.377697751498	20.0354687903996	0.140248281532797	623.161458333333
89	23	89	123.040243087136	7.77512905048125	0.0544259033533687	622.7734375
90.001	25	90	124.702788422774	16.6327801492426	0.116429461044698	622.7734375
91	24	91	126.365333758412	15.032860329394	0.105230022305758	622.7734375
92.001	24	92	128.02787909405	13.3220480783834	0.0932543365486836	622.7734375
93	19	93	129.690424429688	17.7651605659625	0.124356123961737	622.385416666667
94.001	32	94	131.352969765326	19.9971983925052	0.139980388747536	622.385416666667
95	20	95	133.015515100964	14.0174362889999	0.0981220540229992	622.7734375
96	31	96	134.678060436603	16.6602154610132	0.116621508227092	622.7734375
97.001	21	97	136.340605772241	21.0906157194353	0.147634310036047	622.7734375
98.001	31	98	138.003151107879	20.0004940122021	0.140003458085415	623.549479166667
99	17	99	139.665696443517	21.0052471107283	0.147036729775098	623.161458333333
100.001	24	100	141.328241779155	14.0062425823189	0.0980436980762326	623.549479166667
101.001	22	101	142.990787114793	12.003060780499	0.0840214254634932	623.161458333333
102	19	102	144.653332450431	13.3235923069578	0.0932651461487046	622.7734375
103	21	103	146.315877786069	18.0112534311438	0.126078774018006	622.7734375
104.001	24	104	147.978423121707	15.0101273329115	0.105070891330381	621.997395833333
105.001	23	105	149.640968457345	13.3245332193938	0.0932717325357564	621.609375
106.001	20	106	151.303513792983	13.3279784477703	0.0932958491343922	622.385416666667
107	20	107	152.966059128621	16.0207500754978	0.112145250528484	622.385416666667
108.001	20	108	154.628604464259	13.3231278174252	0.0932618947219763	622.385416666667
109	22	109	156.291149799897	24.4019579243695	0.170813705470586	622.7734375
110	24	110	157.953695135535	17.0529682246024	0.119370777572217	622.7734375
111.001	24	111	159.616240471173	17.7337055785915	0.124135939050141	623.161458333333
112.001	23	112	161.278785806811	17.024273208741	0.119169912461187	622.7734375
113	15	113	162.941331142449	13.004571106744	0.0910319977472081	622.7734375
114	13	114	164.603876478087	12.2161345151888	0.0855129416063217	623.161458333333
115	17	115	166.266421813725	19.9530942659995	0.139671659861996	622.385416666667
116.001	25	116	167.928967149363	14.0122887772577	0.0980860214408036	621.997395833333
117	26	117	169.591512485001	20.0295536063462	0.140206875244423	621.609375
118	19	118	171.254057820639	27.7363243002042	0.19415427010143	621.609375
119	13	119	172.916603156278	18.860800964963	0.132025606754741	621.997395833333
120.001	22	120	174.579148491916	13.0130025921901	0.0910910181453308	622.385416666667
121	16	121	176.241693827554	26.012603106205	0.182088221743435	623.161458333333
122.001	15	122	177.904239163192	9.99922306036821	0.0699945614225775	622.7734375
123.001	13	123	179.56678449883	16.6646169187857	0.1166523184315	622.7734375
124.001	24	124	181.229329834468	16.6474333320237	0.116532033324166	622.7734375
125	21	125	182.891875170106	15.0083611580011	0.105058528106008	622.7734375
126	20	126	184.554420505744	12.0282555751716	0.0841977890262014	622.7734375
127.001	19	127	186.216965841382	17.7392618981387	0.124174833286971	623.161458333333
128	19	128	187.87951117702	20.0138936449683	0.140097255514778	623.161458333333
129.001	13	129	189.542056512658	12.2173664977819	0.0855215654844736	623.161458333333
130	18	130	191.204601848296	12.2130556454572	0.0854913895182005	622.7734375
131.001	11	131	192.867147183934	21.040167784317	0.147281174490219	622.7734375
132.001	16	132	194.529692519572	8.86028101045746	0.0620219670732022	621.609375
133.001	17	133	196.19223785521	12.0356833941269	0.0842497837588883	622.7734375
134.001	15	134	197.854783190848	22.1916052042421	0.155341236429695	622.7734375
135	12	135	199.517328526486	19.9934481470422	0.139954137029295	622.385416666667
136	20	136	201.179873862124	11.1099692531601	0.0777697847721206	621.997395833333
137	13	137	202.842419197762	16.6468624493061	0.116528037145143	622.7734375
138	22	138	204.5049645334	15.0351868477799	0.105246307934459	622.7734375
139.001	15	139	206.167509869038	11.095641321411	0.0776694892498769	622.7734375
140.001	17	140	207.830055204676	12.2205846638773	0.0855440926471408	623.161458333333
141	18	141	209.492600540315	18.034230773431	0.126239615414017	622.7734375
142.001	7	142	211.155145875953	19.9911128397254	0.139937789878078	623.549479166667
143	18	143	212.817691211591	15.5494912539665	0.108846438777766	623.549479166667
144.001	12	144	214.480236547229	24.0173765719498	0.168121636003649	623.161458333333
145.001	19	145	216.142781882867	13.3258427290704	0.0932808991034928	622.7734375
146	16	146	217.805327218505	19.974470629089	0.139821294403623	622.7734375
147	5	147	219.467872554143	9.02316517194594	0.0631621562036216	622.7734375
148	10	148	221.130417889781	19.9822557568879	0.139875790298215	622.385416666667
148.999	11	149	222.792963225419	16.0034887605498	0.112024421323849	622.7734375
150	14	150	224.455508561057	12.2199859647907	0.0855399017535347	621.997395833333
151.001	16	151	226.118053896695	14.422301404355	0.100956109830485	622.385416666667
152.001	15	152	227.780599232333	19.0298502230599	0.133208951561419	623.161458333333
153	9	153	229.443144567971	23.9897923433579	0.167928546403505	623.161458333333
154.001	16	154	231.105689903609	17.0047766417587	0.119033436492311	622.7734375
155	20	155	232.768235239247	17.7592864141126	0.124315004898788	622.7734375
156	9	156	234.430780574885	17.0043480117866	0.119030436082506	622.7734375
157	12	157	236.093325910523	16.9998708009819	0.118999095606873	623.161458333333
158.001	7	158	237.755871246161	12.9914685026343	0.0909402795184402	622.7734375
159.001	9	159	239.418416581799	21.0201919964318	0.147141343975022	623.549479166667
160.001	12	160	241.080961917437	19.9604716127163	0.139723301289014	623.161458333333
160.999	14	161	242.743507253075	13.0126079158096	0.0910882554106674	623.549479166667
162.001	14	162	244.406052588713	16.9859611031482	0.118901727722038	622.7734375
163.001	13	163	246.068597924352	19.0191827477193	0.133134279234035	623.161458333333
164	10	164	247.73114325999	18.9924523994165	0.132947166795915	622.7734375
165.001	13	165	249.393688595628	20.9932170915577	0.146952519640904	622.7734375
166.001	21	166	251.056233931266	9.99455518843457	0.069961886319042	622.385416666667
167.001	14	167	252.718779266904	18.877535100278	0.132142745701946	621.609375
168	16	168	254.381324602542	13.0035681791083	0.0910249772537584	621.997395833333
169	12	169	256.04386993818	18.0253003115172	0.126177102180621	621.997395833333
170	9	170	257.706415273818	9.99183888803712	0.0699428722162598	622.7734375
171.001	12	171	259.368960609456	13.987830587389	0.0979148141117228	622.7734375
172	12	172	261.031505945094	19.0016892501743	0.13301182475122	623.549479166667
173.001	11	173	262.694051280732	18.0340320218284	0.126238224152799	623.549479166667
174	12	174	264.35659661637	13.2998664360913	0.0930990650526392	622.7734375
175.001	14	175	266.019141952008	12.0184085964472	0.0841288601751302	623.161458333333
176.001	5	176	267.681687287646	13.3223571912696	0.0932565003388875	623.549479166667
177	7	177	269.344232623284	15.9896594872096	0.111927616410467	623.549479166667
178.001	13	178	271.006777958922	19.0209268236914	0.13314648776584	622.7734375
179	11	179	272.66932329456	17.7704977971802	0.124393484580261	621.997395833333
180.001	9	180	274.331868630198	14.0178138378251	0.0981246968647758	623.549479166667
181.001	14	181	275.994413965836	18.8546467554203	0.131982527287942	621.609375
182.001	13	182	277.656959301474	25.9937329109952	0.181956130376966	621.997395833333
183.001	11	183	279.319504637112	2.22216271764278	0.0155551390234995	621.997395833333
184	9	184	280.98204997275	13.0048547122641	0.0910339829858486	622.385416666667
185	11	185	282.644595308388	14.0103242079088	0.0980722694553617	622.7734375
186.001	14	186	284.307140644027	12.2112795589286	0.0854789569125001	622.7734375
187.001	12	187	285.969685979665	23.3315056987203	0.163320539891042	622.7734375
188.001	15	188	287.632231315303	12.9983869001857	0.0909887083012998	622.7734375
189.001	11	189	289.294776650941	22.0312182362408	0.154218527653685	623.549479166667
190	18	190	290.957321986579	16.6350987941882	0.116445691559318	623.161458333333
191.001	9	191	292.619867322217	14.0257779773446	0.0981804458414119	623.549479166667
192	18	192	294.282412657855	22.9859670671055	0.160901769469739	622.7734375
193.001	8	193	295.944957993493	12.2210951656681	0.0855476661596764	623.161458333333
194	11	194	297.607503329131	15.002856543886	0.105019995807202	622.7734375
195.001	8	195	299.270048664769	10.9946587947575	0.0769626115633026	623.549479166667
196	10	196	300.932594000407	14.9884184490644	0.104918929143451	621.609375
197	11	197	302.595139336045	18.0238906670792	0.126167234669555	622.385416666667
198.001	8	198	304.257684671683	16.6516394871206	0.116561476409844	622.385416666667
199	13	199	305.920230007321	15.032714192626	0.105228999348382	622.385416666667
200.001	10	200	307.582775342959	15.5373647541761	0.108761553279233	622.7734375
201	4	201	309.245320678597	16.657160980134	0.116600126860938	623.549479166667
202.001	13	202	310.907866014235	16.010357100008	0.112072499700056	622.7734375
203	11	203	312.570411349873	18.0044200851309	0.126030940595916	623.161458333333
204.001	8	204	314.232956685511	16.0114289579902	0.112080002705932	623.549479166667
205	14	205	315.895502021149	8.87129710672625	0.0620990797470838	622.7734375
206.001	8	206	317.558047356787	7.0045767904749	0.0490320375333243	622.385416666667
207.001	8	207	319.220592692425	18.8728469689653	0.132109928782757	625.1015625
208.001	9	208	320.883138028064	12.0014425733973	0.0840100980137813	621.609375
209	12	209	322.545683363702	18.0138039779883	0.126096627845918	622.7734375
210.001	9	210	324.20822869934	11.09817064414	0.0776871945089803	621.997395833333
211.001	9	211	325.870774034978	21.9881505856494	0.153917054099546	623.161458333333
212	7	212	327.533319370616	16.0260166354059	0.112182116447841	622.7734375
213.001	10	213	329.195864706254	20.9748825781127	0.146824178046789	623.161458333333
214	4	214	330.858410041892	15.9953197694355	0.111967238386048	623.9375
215	6	215	332.52095537753	15.0054139533544	0.105037897673481	622.7734375
216.001	11	216	334.183500713168	12.0211536240322	0.0841480753682255	622.7734375
217.001	8	217	335.846046048806	20.0066762278572	0.140046733595001	622.7734375
218	12	218	337.508591384444	14.4330567626587	0.101031397338611	622.7734375
219	9	219	339.171136720082	15.9751171575155	0.111825820102608	622.385416666667
220.001	8	220	340.83368205572	16.6221009670738	0.116354706769517	621.997395833333
221.001	4	221	342.496227391358	12.0175263604441	0.0841226845231085	621.997395833333
222.001	14	222	344.158772726996	15.5417061685032	0.108791943179522	623.161458333333
223.001	7	223	345.821318062634	12.9911763929939	0.0909382347509571	622.7734375
224.001	10	224	347.483863398272	21.1077784274283	0.147754448991998	623.549479166667
225.001	5	225	349.14640873391	17.0283777915897	0.119198644541128	623.161458333333
226.001	9	226	350.808954069548	16.6502310386059	0.116551617270241	623.161458333333
226.999	7	227	352.471499405186	18.0096063240132	0.126067244268093	622.7734375
228.001	3	228	354.134044740824	10.9986977541859	0.0769908842793013	622.7734375
229	3	229	355.796590076463	14.989294645764	0.104925062520348	622.385416666667
230	6	230	357.459135412101	18.0155979046659	0.126109185332661	622.7734375
231	5	231	359.121680747739	21.0369830161424	0.147258881112997	622.385416666667
232	15	232	360.784226083377	12.2141215453884	0.0854988508177188	621.609375
233	5	233	362.446771419015	19.991072875346	0.139937510127422	622.7734375
234.001	7	234	364.109316754653	15.5354819866641	0.108748373906649	623.161458333333
235.001	7	235	365.771862090291	13.0048911395576	0.0910342379769031	623.161458333333
236	6	236	367.434407425929	7.77599534684439	0.0544319674279107	622.7734375
237	6	237	369.096952761567	21.1003897686209	0.147702728380346	622.7734375
238.001	7	238	370.759498097205	24.0374383101681	0.168262068171177	622.7734375
239	10	239	372.422043432843	12.2018559688484	0.0854129917819391	622.7734375
240	8	240	374.084588768481	16.6355987617791	0.116449191332454	623.161458333333
241	6	241	375.747134104119	12.2127302169036	0.0854891115183255	622.7734375
242	4	242	377.409679439757	16.0183602445123	0.112128521711586	622.7734375
243	7	243	379.072224775395	17.7635629799354	0.124344940859548	621.997395833333
244	9	244	380.734770111033	12.0021051692467	0.0840147361847268	622.385416666667
245.001	6	245	382.397315446671	17.7732989064534	0.124413092345173	622.7734375
246	7	246	384.059860782309	14.0047279961715	0.0980330959732006	622.385416666667
247	7	247	385.722406117947	15.0076283775043	0.10505339864253	623.161458333333
248.001	8	248	387.384951453585	9.99890123185352	0.0699923086229746	622.7734375
249.001	9	249	389.047496789223	15.5344735488971	0.10874131484228	622.7734375
250	8	250	390.710042124861	13.0135692486556	0.091094984740589	623.161458333333
251	10	251	392.372587460499	13.9939699983277	0.097957789988294	622.7734375
252	9	252	394.035132796137	11.0018119984361	0.077012683989053	623.549479166667
253.001	8	253	395.697678131776	18.9966205012128	0.13297634350849	623.161458333333
254	6	254	397.360223467414	10.0049034031579	0.0700343238221052	623.161458333333
255.001	6	255	399.022768803052	10.9957292587559	0.0769701048112913	622.385416666667
256	6	256	400.68531413869	17.0269945972345	0.119188962180641	622.7734375
257.001	8	257	402.347859474328	11.103070021067	0.0777214901474688	621.997395833333
258.001	6	258	404.010404809966	13.3244696000561	0.0932712872003923	621.997395833333
259.001	13	259	405.672950145604	14.4274377014917	0.100992063910442	621.609375
260	8	260	407.335495481242	12.0141959739628	0.0840993718177398	623.161458333333
261.001	7	261	408.99804081688	23.3285846703204	0.163300092692243	622.7734375
262.001	11	262	410.660586152518	16.0064505995916	0.112045154197141	623.549479166667
263.001	14	263	412.323131488156	13.3137384689156	0.0931961692824095	623.161458333333
264.001	4	264	413.985676823794	18.0125727757975	0.126088009430583	622.7734375
265.001	11	265	415.648222159432	15.0254787042388	0.105178350929671	622.7734375
266	8	266	417.31076749507	19.9785851765336	0.139850096235735	622.7734375
267.001	5	267	418.973312830708	17.7665907478036	0.124366135234625	622.7734375
268	12	268	420.635858166346	15.5426741326272	0.10879871892839	622.7734375
269	10	269	422.298403501984	27.7717574779067	0.194402302345347	623.161458333333
270	10	270	423.960948837622	12.0197014927167	0.084137910449017	621.609375
271	4	271	425.62349417326	17.9946286033619	0.125962400223533	621.997395833333
272	7	272	427.286039508898	16.6646687580456	0.116652681306319	622.7734375
273	9	273	428.948584844536	7.77701649427428	0.05443911545992	621.997395833333
274	8	274	430.611130180174	13.9889934599457	0.09792295421962	622.7734375
275	7	275	432.273675515812	24.0549848844489	0.168384894191142	622.7734375
276.001	6	276	433.936220851451	18.8626132686057	0.13203829288024	623.161458333333
277	8	277	435.598766187089	9.99415342024915	0.0699590739417441	623.549479166667
278	15	278	437.261311522727	11.006066543879	0.0770424658071529	623.161458333333
279.001	5	279	438.923856858365	19.9965585922663	0.139975910145864	623.161458333333
280.001	13	280	440.586402194003	15.0044007907519	0.105030805535263	623.549479166667
281	12	281	442.248947529641	14.4252620515297	0.100976834360708	623.161458333333
282.001	7	282	443.911492865279	14.4170488478449	0.100919341934914	623.161458333333
283	7	283	445.574038200917	12.0119615112729	0.0840837305789105	622.385416666667
284	13	284	447.236583536555	13.3275121721835	0.0932925852052842	622.7734375
285.001	14	285	448.899128872193	16.9940113104142	0.118958079172899	621.997395833333
286	7	286	450.561674207831	23.0348355818504	0.161243849072953	621.997395833333
287.001	10	287	452.224219543469	14.436467494128	0.101055272458896	621.609375
288	11	288	453.886764879107	17.9796578151479	0.125857604706036	622.385416666667
289	14	289	455.549310214745	13.9981746380272	0.0979872224661904	622.7734375
290	6	290	457.211855550383	15.0064873044617	0.105045411131232	622.7734375
291	7	291	458.874400886021	28.8715883915338	0.202101118740737	623.9375
292.001	15	292	460.536946221659	14.0383936026639	0.0982687552186475	622.7734375
293.001	15	293	462.199491557297	22.1786141382455	0.155250298967719	622.7734375
294.001	10	294	463.862036892935	14.4298782839767	0.101009147987837	622.7734375
295	4	295	465.524582228573	25.0209675708244	0.17514677299577	622.7734375
296.001	20	296	467.187127564211	24.0026907016277	0.168018834911394	622.7734375
297	12	297	468.84967289985	20.033054539991	0.140231381779937	622.7734375
298.001	13	298	470.512218235488	16.6428267419603	0.116499787193722	622.385416666667
299	15	299	472.174763571126	14.9766917745912	0.104836842422138	622.385416666667
300	12	300	473.837308906764	20.0323301776737	0.140226311243716	622.385416666667
	11	301	475.499854242402			
	10	302	477.16239957804			
	19	303	478.824944913678			
	13	304	480.487490249316			
	14	305	482.150035584954			
	8	306	483.812580920592			
	12	307	485.47512625623			
	12	308	487.137671591868			
	12	309	488.800216927506			
	9	310	490.462762263144			
	12	311	492.125307598782			
	8	312	493.78785293442			
	11	313	495.450398270058			
	7	314	497.112943605696			
	12	315	498.775488941334			
	11	316	500.438034276972			
	15	317	502.10057961261			
	10	318	503.763124948249			
	19	319	505.425670283887			
	8	320	507.088215619525			
	10	321	508.750760955163			
	6	322	510.413306290801			
	11	323	512.075851626439			
	6	324	513.738396962077			
	8	325	515.400942297715			
	5	326	517.063487633353			
	7	327	518.726032968991			
	9	328	520.388578304629			
	4	329	522.051123640267			
	7	330	523.713668975905			
	6	331	525.376214311543			
	3	332	527.038759647181			
	3	333	528.701304982819			
	6	334	530.363850318457			
	3	335	532.026395654095			
	5	336	533.688940989733			
	3	337	535.351486325371			
	3	338	537.014031661009			
	4	339	538.676576996647			
	1	340	540.339122332285			
	7	341	542.001667667924			
	0	342	543.664213003562			
	4	343	545.3267583392			
	5	344	546.989303674838			
	4	345	548.651849010476			
	6	346	550.314394346114			
	5	347	551.976939681752			
	0	348	553.63948501739			
	7	349	555.302030353028			
	2	350	556.964575688666			
	1	351	558.627121024304			
	3	352	560.289666359942			
	4	353	561.95221169558			
	7	354	563.614757031218			
	3	355	565.277302366856			
	2	356	566.939847702494			
	5	357	568.602393038132			
	6	358	570.26493837377			
	2	359	571.927483709408			
	5	360	573.590029045046			
	2	361	575.252574380684			
	2	362	576.915119716322			
	2	363	578.57766505196			
	5	364	580.240210387598			
	3	365	581.902755723237			
	1	366	583.565301058875			
	4	367	585.227846394513			
	6	368	586.890391730151			
	2	369	588.552937065789			
	6	370	590.215482401427			
	5	371	591.878027737065			
	1	372	593.540573072703			
	1	373	595.203118408341			
	3	374	596.865663743979			
	3	375	598.528209079617			
	6	376	600.190754415255			
	0	377	601.853299750893			
	3	378	603.515845086531			
	3	379	605.178390422169			
	1	380	606.840935757807			
	1	381	608.503481093445			
	3	382	610.166026429083			
	2	383	611.828571764721			
	7	384	613.491117100359			
	2	385	615.153662435997			
	2	386	616.816207771636			
	1	387	618.478753107274			
	3	388	620.141298442912			
	5	389	621.80384377855			
	5	390	623.466389114188			
	5	391	625.128934449826			
	1	392	626.791479785464			
	4	393	628.454025121102			
	5	394	630.11657045674			
	4	395	631.779115792378			
	1	396	633.441661128016			
	2	397	635.104206463654			
	3	398	636.766751799292			
	1	399	638.42929713493			
	5	400	640.091842470568			
	2	401	641.754387806206			
	6	402	643.416933141844			
	4	403	645.079478477482			
	2	404	646.74202381312			
	4	405	648.404569148758			
	5	406	650.067114484396			
	3	407	651.729659820034			
	3	408	653.392205155673			
	3	409	655.054750491311			
	3	410	656.717295826949			
	3	411	658.379841162587			
	4	412	660.042386498225			
	0	413	661.704931833863			
	5	414	663.367477169501			
	4	415	665.030022505139			
	1	416	666.692567840777			
	2	417	668.355113176415			
	2	418	670.017658512053			
	0	419	671.680203847691			
	0	420	673.342749183329			
	4	421	675.005294518967			
	3	422	676.667839854605			
	1	423	678.330385190243			
	2	424	679.992930525881			
	3	425	681.655475861519			
	3	426	683.318021197157			
	1	427	684.980566532795			
	1	428	686.643111868433			
	0	429	688.305657204072			
	1	430	689.96820253971			
	2	431	691.630747875348			
	0	432	693.293293210986			
	5	433	694.955838546624			
	0	434	696.618383882262			
	1	435	698.2809292179			
	5	436	699.943474553538			
	2	437	701.606019889176			
	2	438	703.268565224814			
	2	439	704.931110560452			
	2	440	706.59365589609			
	0	441	708.256201231728			
	2	442	709.918746567366			
	0	443	711.581291903004			
	0	444	713.243837238642			
	2	445	714.90638257428			
	0	446	716.568927909918			
	1	447	718.231473245556			
	0	448	719.894018581194			
	1	449	721.556563916832			
	0	450	723.21910925247			
	3	451	724.881654588108			
	1	452	726.544199923746			
	1	453	728.206745259384			
	2	454	729.869290595023			
	1	455	731.531835930661			
	0	456	733.194381266299			
	0	457	734.856926601937			
	1	458	736.519471937575			
	2	459	738.182017273213			
	2	460	739.844562608851			
	1	461	741.507107944489			
	3	462	743.169653280127			
	1	463	744.832198615765			
	3	464	746.494743951403			
	1	465	748.157289287041			
	3	466	749.819834622679			
	1	467	751.482379958317			
	0	468	753.144925293955			
	1	469	754.807470629593			
	3	470	756.470015965231			
	0	471	758.132561300869			
	1	472	759.795106636507			
	1	473	761.457651972145			
	1	474	763.120197307783			
	0	475	764.782742643421			
	0	476	766.44528797906			
	0	477	768.107833314698			
	0	478	769.770378650336			
	0	479	771.432923985974			
	1	480	773.095469321612			
	2	481	774.75801465725			
	3	482	776.420559992888			
	0	483	778.083105328526			
	2	484	779.745650664164			
	0	485	781.408195999802			
	1	486	783.07074133544			
	2	487	784.733286671078			
	2	488	786.395832006716			
	1	489	788.058377342354			
	3	490	789.720922677992			
	1	491	791.38346801363			
	2	492	793.046013349268			
	2	493	794.708558684906			
	1	494	796.371104020544			
	1	495	798.033649356182			
	1	496	799.69619469182			
	1	497	801.358740027458			
	3	498	803.021285363096			
	2	499	804.683830698734			
	1	500	806.346376034373			
	2	501	808.008921370011			
	1	502	809.671466705649			
	1	503	811.334012041287			
	1	504	812.996557376925			
	0	505	814.659102712563			
	2	506	816.321648048201			
	1	507	817.984193383839			
	1	508	819.646738719477			
	2	509	821.309284055115			
	2	510	822.971829390753			
	40	511	824.634374726391			
