MIN=0	0	0	0	0	0	0
MAX=200	46.4158883361278	511	511	1000	100	2000
SCALE=200	5	100	500	500	50	500
DEC=0	0	0	1	0	0	0
DEF="Time" t / s	"Events" N	"Channel" n	"Energy" E / keV	"Rate" R / 1/s	"Dead time" t / %	"Voltage" U / V
0	0	0	0			616.953125
1.001	0	1	1	13.7694754666608	0.0963863282666254	618.1171875
2	0	2	2	15.0080322988864	0.105056226092205	618.893229166667
3.001	0	3	3	11.9893917861476	0.0839257425030333	619.28125
4	1	4	4	18.0101595309914	0.12607111671694	618.1171875
5.001	2	5	5	8.99575670156387	0.0629702969109471	618.1171875
6.001	3	6	6	14.0059385179316	0.0980415696255212	618.1171875
7	5	7	7	18.0246559268423	0.126172591487896	619.28125
8.001	2	8	8	14.4436484389305	0.101105539072513	618.505208333333
9.001	1	9	9	14.4165068559916	0.100915547991941	618.1171875
10.001	6	10	10	17.7763596193104	0.124434517335173	618.1171875
11	1	11	11	18.0122212921467	0.126085549045027	618.1171875
12	4	12	12	9.99433210321613	0.0699603247225129	618.1171875
13	2	13	13	15.545658153198	0.108819607072386	618.505208333333
14.001	2	14	14	14.0196710003806	0.0981376970026644	618.505208333333
15	5	15	15	9.99976222787592	0.0699983355951314	618.1171875
16.001	4	16	16	15.9791663628961	0.111854164540272	618.893229166667
17.001	2	17	17	19.9717818693967	0.139802473085777	618.1171875
18	3	18	18	13.0318472282564	0.0912229305977949	619.28125
18.999	2	19	19	11.0950787223573	0.0776655510565011	618.505208333333
20.001	5	20	20	22.2163126830485	0.15551418878134	618.1171875
21.001	4	21	21	16.6617384946808	0.116632169462766	618.1171875
22.001	4	22	22	18.0128016981669	0.126089611887168	618.893229166667
23	6	23	23	12.2182173620869	0.0855275215346081	618.1171875
24.001	4	24	24	14.4419844930858	0.101093891451601	618.893229166667
25	5	25	25	16.6493864534598	0.116545705174219	618.1171875
26.001	3	26	26	14.0090232118508	0.0980631624829553	618.505208333333
27.001	9	27	27	24.4359325945907	0.171051528162135	618.1171875
28.001	6	28	28	17.9734424414485	0.12581409709014	618.505208333333
29	9	29	29	18.029061043496	0.126203427304472	618.893229166667
30.001	5	30	30	13.9895987333418	0.0979271911333923	618.1171875
31.001	8	31	31	14.0080027719836	0.0980560194038854	618.1171875
32.001	6	32	32	22.2005815886359	0.155404071120451	618.1171875
33	5	33	33	15.0078911491662	0.105055238044164	618.1171875
34	7	34	34	24.0017449268562	0.168012214487993	618.1171875
35	4	35	35	18.8872226161381	0.132210558312967	619.28125
36.001	7	36	36	21.000067200215	0.147000470401505	618.505208333333
37	7	37	37	12.2078427399016	0.0854548991793111	618.1171875
38	9	38	38	17.0328120090542	0.11922968406338	618.505208333333
39	6	39	39	18.8716569692252	0.132101598784576	618.505208333333
40	15	40	40	12.2154412950322	0.0855080890652256	618.505208333333
41.001	3	41	41	17.7677745207226	0.124374421645058	618.1171875
42	8	42	42	7.77042436618591	0.0543929705633014	618.1171875
43	12	43	43	18.0007452308526	0.126005216615968	618.893229166667
44	7	44	44	12.9820574983316	0.0908744024883209	618.1171875
45	9	45	45	23.0825014767783	0.161577510337448	618.1171875
46	16	46	46	16.6299956784185	0.116409969748929	618.505208333333
47	6	47	47	17.7567971354735	0.124297579948314	618.893229166667
48.001	8	48	48	22.026705177357	0.154186936241499	619.28125
49.001	11	49	49	17.964756740227	0.125753297181589	619.28125
50	14	50	50	24.4320275451121	0.171024192815784	618.505208333333
51	18	51	51	10.0258838242691	0.0701811867698838	618.1171875
52	9	52	52	24.3951851444855	0.170766296011398	618.1171875
53	15	53	53	20.0031024811948	0.140021717368364	618.505208333333
54.001	21	54	54	13.0163902385884	0.091114731670119	618.1171875
54.999	14	55	55	25.5456438457434	0.178819506920204	618.505208333333
56	22	56	56	18.0273908176083	0.126191735723258	618.505208333333
57.001	20	57	57	12.2069513261133	0.0854486592827928	618.505208333333
58	28	58	58	24.9997075034222	0.174997952523955	618.505208333333
59.001	34	59	59	17.733117905506	0.124131825338542	619.28125
60.001	23	60	60	13.0041886491639	0.0910293205441473	619.28125
61	37	61	61	18.0442806647513	0.126309964653259	618.505208333333
62.001	22	62	62	12.2009140037432	0.0854063980262027	618.1171875
63.001	13	63	63	14.44146789745	0.10109027528215	618.1171875
64.001	21	64	64	14.9898788338114	0.10492915183668	618.1171875
65	17	65	65	21.0315515336107	0.147220860735275	618.1171875
66	18	66	66	8.8834403787899	0.0621840826515293	618.1171875
67	24	67	67	19.9786206560513	0.139850344592359	618.505208333333
68	19	68	68	18.0297671455573	0.126208370018901	619.28125
69	16	69	69	13.3027237659479	0.0931190663616352	619.28125
69.999	19	70	70	21.0966458442772	0.147676520909941	618.1171875
71.001	14	71	71	13.0150362714044	0.0911052538998305	618.1171875
72	17	72	72	13.0015705897272	0.0910109941280907	618.1171875
73.001	14	73	73	15.9862550179356	0.111903785125549	618.505208333333
74	14	74	74	7.00762289218212	0.0490533602452748	619.28125
75.001	15	75	75	11.0920586517004	0.0776444105619026	618.1171875
76.001	16	76	76	17.9945890270796	0.125962123189557	619.28125
77	14	77	77	15.0074887368797	0.105052421158158	618.1171875
78.001	12	78	78	16.6573126602017	0.116601188621412	618.893229166667
79	19	79	79	14.0335049931712	0.0982345349521984	618.1171875
80.001	13	80	80	18.8239837927714	0.1317678865494	618.1171875
81	18	81	81	16.0156023998579	0.112109216799006	618.505208333333
82.001	11	82	82	25.0165359302499	0.175115751511749	618.893229166667
83.001	20	83	83	12.192919926102	0.0853504394827143	618.893229166667
84	17	84	84	19.0629056824616	0.133440339777231	618.505208333333
85.001	16	85	85	18.8415714225231	0.131890999957662	619.28125
86.001	14	86	86	14.0132369035791	0.0980926583250538	619.28125
87	13	87	87	16.010845746909	0.112075920228363	618.505208333333
88.001	16	88	88	12.9781966296622	0.0908473764076352	618.505208333333
89	21	89	89	15.5468734904263	0.108828114432984	618.505208333333
90	18	90	90	13.019109448849	0.0911337661419431	618.1171875
91	14	91	91	15.9890091551068	0.111923064085747	618.1171875
92.001	12	92	92	18.0321260357453	0.126224882250217	618.1171875
93	14	93	93	14.4400097570035	0.101080068299025	619.28125
94.001	17	94	94	17.0018821083494	0.119013174758446	618.893229166667
95.001	14	95	95	14.4291463428441	0.101004024399908	619.28125
96.001	19	96	96	12.2000154829287	0.0854001083805012	619.28125
97	9	97	97	8.00518335622315	0.0560362834935621	619.28125
98	18	98	98	13.0130911697167	0.0910916381880171	618.1171875
99	20	99	99	16.6590608798716	0.116613426159101	618.893229166667
100	15	100	100	14.9910563357901	0.10493739435053	618.1171875
101	7	101	101	19.0025083310997	0.133017558317698	618.505208333333
102.001	15	102	102	18.8781451267401	0.132147015887181	618.1171875
103.001	18	103	103	18.012273563206	0.126085914942442	618.1171875
104	15	104	104	18.0254591585155	0.126178214109608	619.28125
105	16	105	105	14.4275273670772	0.100992691569541	619.28125
106	10	106	106	12.0002436049452	0.0840017052346163	619.28125
107	17	107	107	18.8456465060005	0.131919525542004	619.28125
108	14	108	108	25.0630762439832	0.175441533707883	618.893229166667
109	17	109	109	17.7635688963905	0.124344982274734	619.28125
110	12	110	110	13.9855627036211	0.0978989389253474	618.893229166667
111	15	111	111	14.4313023384482	0.101019116369138	618.1171875
112.001	11	112	112	12.987617605375	0.0909133232376252	618.505208333333
113	11	113	113	15.0298763882846	0.105209134717992	618.1171875
114	9	114	114	17.773739189262	0.124416174324834	618.1171875
115	15	115	115	16.6664259294032	0.116664981505823	618.1171875
116	14	116	116	9.9882804176433	0.0699179629235031	619.28125
117	18	117	117	18.0217883421056	0.126152518394739	618.893229166667
118.001	12	118	118	15.5372888829255	0.108761022180479	618.893229166667
119	15	119	119	12.2185335826951	0.0855297350788656	618.893229166667
120	14	120	120	14.4288676801799	0.10100207376126	618.505208333333
121	4	121	121	17.0132277846025	0.119092594492218	618.893229166667
122	16	122	122	15.0248992630587	0.105174294841411	618.505208333333
123	15	123	123	18.8421519776944	0.131895063843861	619.28125
124	11	124	124	14.0181633342322	0.0981271433396251	618.893229166667
125.001	15	125	125	16.6431351228402	0.116501945859881	618.893229166667
126.001	14	126	126	13.9997718037196	0.0979984026260372	618.505208333333
127.001	12	127	127	12.9989704815379	0.090992793370765	618.505208333333
128.001	13	128	128	13.0119071962753	0.0910833503739272	618.1171875
129	11	129	129	17.7676995437588	0.124373896806312	618.505208333333
130.001	9	130	130	12.212635303509	0.0854884471245628	619.28125
131	13	131	131	16.0239718619054	0.112167803033338	618.1171875
132.001	6	132	132	15.5259251898821	0.108681476329174	618.1171875
133	15	133	133	18.8769963811688	0.132138974668181	618.893229166667
134	11	134	134	10.0192038079387	0.0701344266555707	618.1171875
134.999	8	135	135	14.4326193183496	0.101028335228447	618.893229166667
136	11	136	136	8.88080735419657	0.062165651479376	618.893229166667
137.001	13	137	137	11.0064189435279	0.0770449326046951	619.28125
138	8	138	138	16.6323891606498	0.116426724124549	619.28125
139	14	139	139	9.01394457225328	0.0630976120057729	619.28125
140	15	140	140	12.2041532952601	0.0854290730668205	619.28125
141.001	12	141	141	19.0191503825202	0.133134052677641	618.893229166667
142.001	12	142	142	11.1026163759595	0.0777183146317162	619.28125
143.001	10	143	143	11.1067412254801	0.0777471885783604	618.893229166667
144.001	11	144	144	18.009354058498	0.126065478409486	619.28125
145.001	16	145	145	13.3156767459682	0.0932097372217773	619.28125
146	17	146	146	18.0242480208625	0.126169736146037	618.505208333333
147.001	9	147	147	13.2936282199799	0.093055397539859	618.893229166667
148	10	148	148	17.0348908634666	0.119244236044266	618.505208333333
149	10	149	149	16.9696142087977	0.118787299461584	619.28125
150.001	13	150	150	14.0103508472059	0.0980724559304414	618.505208333333
151.001	5	151	151	15.5421599405934	0.108795119584154	619.28125
151.999	5	152	152	8.88583907145648	0.0622008735001953	618.893229166667
153	10	153	153	19.0072379562137	0.133050665693496	618.893229166667
154	4	154	154	12.023451742624	0.0841641621983679	618.505208333333
155.001	8	155	155	12.2164031421922	0.0855148219953451	618.505208333333
156	4	156	156	13.3101042436273	0.0931707297053908	618.1171875
157.001	8	157	157	18.8754411856797	0.132128088299758	618.1171875
158.001	6	158	158	16.6641966624058	0.116649376636841	618.1171875
159	8	159	159	18.8694261241433	0.132085982869003	618.505208333333
160	12	160	160	22.0434520526863	0.154304164368804	618.1171875
161	7	161	161	14.4421866492649	0.101095306544855	618.1171875
162.001	6	162	162	16.9940096116119	0.118958067281283	618.1171875
163.001	7	163	163	15.0206022580572	0.1051442158064	618.893229166667
164.001	10	164	164	18.8876318120605	0.132213422684424	618.505208333333
165	13	165	165	21.0247061321759	0.147172942925231	619.28125
166.001	7	166	166	20.9795889579029	0.14685712270532	618.1171875
167.001	1	167	167	13.0029035483623	0.0910203248385364	619.28125
168	8	168	168	14.0236326257008	0.0981654283799058	618.1171875
169.001	8	169	169	11.0950885704278	0.0776656199929946	618.1171875
170	11	170	170	9.99222105590798	0.0699455473913558	618.893229166667
171	6	171	171	18.0104298399203	0.126073008879442	618.893229166667
172	7	172	172	16.0338233503576	0.112236763452503	619.28125
173.001	9	173	173	19.9993289114076	0.139995302379853	618.505208333333
174	5	174	174	14.4367769118179	0.101057438382726	618.1171875
175	9	175	175	12.9804669932685	0.0908632689528797	618.1171875
176.001	3	176	176	13.0125714452733	0.0910880001169129	619.28125
177.001	4	177	177	21.0000147000103	0.147000102900072	619.28125
178	6	178	178	7.75764926382125	0.0543035448467487	619.28125
179	5	179	179	15.0135842910666	0.105095090037466	618.893229166667
180	8	180	180	13.016469739161	0.0911152881741267	618.505208333333
181.001	3	181	181	13.3309322843075	0.0933165259901522	619.28125
182	10	182	182	10.9964426508025	0.0769750985556173	619.28125
183.001	7	183	183	11.108574653232	0.0777600225726237	618.893229166667
184.001	5	184	184	12.9904195655704	0.0909329369589927	618.505208333333
185	14	185	185	18.8650036980956	0.132055025886669	618.893229166667
186	12	186	186	10.0132605609609	0.0700928239267262	618.893229166667
187	7	187	187	15.0173961517021	0.105121773061915	618.505208333333
187.999	6	188	188	16.653865395466	0.116577057768262	619.28125
189	6	189	189	21.1097202151014	0.14776804150571	619.28125
190	5	190	190	16.9998436014389	0.118998905210072	618.893229166667
191	3	191	191	15.0075968455232	0.105053177918662	619.28125
192.001	4	192	192	11.0919934441882	0.0776439541093173	618.893229166667
193.001	6	193	193	15.025898638894	0.105181290472258	619.28125
194.001	6	194	194	13.0074740946148	0.0910523186623034	619.28125
195.001	8	195	195	8.88167105088154	0.0621716973561708	619.28125
196	13	196	196	12.9984778782405	0.0909893451476832	618.1171875
197.001	11	197	197	14.0228544481796	0.0981599811372575	619.28125
198.001	6	198	198	24.3937515183724	0.170756260628607	618.893229166667
199	2	199	199	18.9894077083803	0.132925853958662	619.28125
	3	200	200			
	5	201	201			
	3	202	202			
	6	203	203			
	3	204	204			
	6	205	205			
	7	206	206			
	4	207	207			
	2	208	208			
	8	209	209			
	4	210	210			
	6	211	211			
	2	212	212			
	6	213	213			
	7	214	214			
	6	215	215			
	7	216	216			
	6	217	217			
	0	218	218			
	4	219	219			
	7	220	220			
	6	221	221			
	10	222	222			
	7	223	223			
	4	224	224			
	6	225	225			
	2	226	226			
	8	227	227			
	5	228	228			
	7	229	229			
	3	230	230			
	4	231	231			
	2	232	232			
	10	233	233			
	5	234	234			
	5	235	235			
	4	236	236			
	3	237	237			
	5	238	238			
	4	239	239			
	6	240	240			
	5	241	241			
	6	242	242			
	7	243	243			
	3	244	244			
	0	245	245			
	5	246	246			
	3	247	247			
	2	248	248			
	5	249	249			
	4	250	250			
	4	251	251			
	5	252	252			
	3	253	253			
	1	254	254			
	7	255	255			
	2	256	256			
	5	257	257			
	7	258	258			
	3	259	259			
	4	260	260			
	7	261	261			
	8	262	262			
	6	263	263			
	8	264	264			
	4	265	265			
	3	266	266			
	10	267	267			
	12	268	268			
	4	269	269			
	6	270	270			
	8	271	271			
	2	272	272			
	8	273	273			
	9	274	274			
	4	275	275			
	8	276	276			
	11	277	277			
	6	278	278			
	15	279	279			
	2	280	280			
	5	281	281			
	8	282	282			
	11	283	283			
	11	284	284			
	8	285	285			
	11	286	286			
	5	287	287			
	5	288	288			
	9	289	289			
	9	290	290			
	9	291	291			
	15	292	292			
	8	293	293			
	8	294	294			
	15	295	295			
	10	296	296			
	7	297	297			
	10	298	298			
	11	299	299			
	9	300	300			
	6	301	301			
	6	302	302			
	9	303	303			
	5	304	304			
	12	305	305			
	9	306	306			
	2	307	307			
	8	308	308			
	7	309	309			
	5	310	310			
	1	311	311			
	3	312	312			
	5	313	313			
	6	314	314			
	4	315	315			
	11	316	316			
	8	317	317			
	2	318	318			
	5	319	319			
	2	320	320			
	5	321	321			
	3	322	322			
	1	323	323			
	4	324	324			
	3	325	325			
	2	326	326			
	2	327	327			
	8	328	328			
	2	329	329			
	5	330	330			
	4	331	331			
	1	332	332			
	1	333	333			
	2	334	334			
	2	335	335			
	0	336	336			
	3	337	337			
	1	338	338			
	2	339	339			
	4	340	340			
	3	341	341			
	2	342	342			
	3	343	343			
	1	344	344			
	0	345	345			
	0	346	346			
	0	347	347			
	2	348	348			
	2	349	349			
	1	350	350			
	2	351	351			
	0	352	352			
	1	353	353			
	3	354	354			
	2	355	355			
	1	356	356			
	1	357	357			
	4	358	358			
	2	359	359			
	2	360	360			
	4	361	361			
	0	362	362			
	3	363	363			
	1	364	364			
	2	365	365			
	4	366	366			
	1	367	367			
	0	368	368			
	3	369	369			
	1	370	370			
	0	371	371			
	2	372	372			
	5	373	373			
	0	374	374			
	3	375	375			
	1	376	376			
	2	377	377			
	0	378	378			
	3	379	379			
	2	380	380			
	1	381	381			
	2	382	382			
	1	383	383			
	1	384	384			
	0	385	385			
	0	386	386			
	2	387	387			
	1	388	388			
	3	389	389			
	0	390	390			
	4	391	391			
	4	392	392			
	1	393	393			
	0	394	394			
	3	395	395			
	1	396	396			
	1	397	397			
	3	398	398			
	1	399	399			
	2	400	400			
	0	401	401			
	0	402	402			
	2	403	403			
	0	404	404			
	2	405	405			
	1	406	406			
	0	407	407			
	1	408	408			
	2	409	409			
	1	410	410			
	0	411	411			
	2	412	412			
	0	413	413			
	0	414	414			
	0	415	415			
	1	416	416			
	1	417	417			
	1	418	418			
	1	419	419			
	0	420	420			
	0	421	421			
	0	422	422			
	1	423	423			
	0	424	424			
	2	425	425			
	2	426	426			
	1	427	427			
	1	428	428			
	1	429	429			
	0	430	430			
	1	431	431			
	0	432	432			
	1	433	433			
	3	434	434			
	1	435	435			
	2	436	436			
	3	437	437			
	2	438	438			
	1	439	439			
	1	440	440			
	2	441	441			
	2	442	442			
	0	443	443			
	0	444	444			
	1	445	445			
	1	446	446			
	2	447	447			
	1	448	448			
	2	449	449			
	1	450	450			
	0	451	451			
	0	452	452			
	1	453	453			
	0	454	454			
	0	455	455			
	2	456	456			
	2	457	457			
	0	458	458			
	0	459	459			
	0	460	460			
	1	461	461			
	0	462	462			
	0	463	463			
	0	464	464			
	0	465	465			
	2	466	466			
	3	467	467			
	1	468	468			
	0	469	469			
	2	470	470			
	0	471	471			
	0	472	472			
	1	473	473			
	1	474	474			
	1	475	475			
	0	476	476			
	0	477	477			
	0	478	478			
	1	479	479			
	1	480	480			
	3	481	481			
	2	482	482			
	0	483	483			
	1	484	484			
	0	485	485			
	0	486	486			
	1	487	487			
	0	488	488			
	4	489	489			
	3	490	490			
	0	491	491			
	0	492	492			
	0	493	493			
	1	494	494			
	0	495	495			
	0	496	496			
	0	497	497			
	3	498	498			
	3	499	499			
	2	500	500			
	1	501	501			
	3	502	502			
	1	503	503			
	1	504	504			
	0	505	505			
	1	506	506			
	0	507	507			
	0	508	508			
	1	509	509			
	1	510	510			
	17	511	511			
