MIN=0	0	0	0	0	0	0
MAX=200	46.4158883361278	511	511	1000	100	2000
SCALE=200	5	100	500	500	50	500
DEC=0	0	0	1	0	0	0
DEF="Time" t / s	"Events" N	"Channel" n	"Energy" E / keV	"Rate" R / 1/s	"Dead time" t / %	"Voltage" U / V
0	0	0	0			619.28125
1	0	1	1	15.8415640819782	0.110890948573847	619.28125
2	0	2	2	19.0028789361588	0.133020152553112	619.28125
3	0	3	3	16.0154869759057	0.11210840883134	619.28125
4	0	4	4	11.0890648181343	0.0776234537269404	619.28125
5	7	5	5	16.0431737849727	0.112302216494809	619.28125
6.001	3	6	6	15.5387736799812	0.108771415759868	619.28125
7.001	2	7	7	9.99073747627755	0.0699351623339428	619.28125
8	2	8	8	14.9935857440187	0.104955100208131	619.28125
9.001	1	9	9	12.0276961759844	0.0841938732318911	619.28125
10.001	2	10	10	18.877562351478	0.132142936460346	619.28125
11.001	2	11	11	21.0812623859351	0.147568836701546	619.28125
12.001	1	12	12	18.8723546093228	0.13210648226526	619.28125
13.001	6	13	13	20.0206713431618	0.140144699402133	619.28125
14	4	14	14	10.0077179520846	0.0700540256645925	618.893229166667
15.001	0	15	15	17.9935097410364	0.125954568187255	619.28125
16.001	7	16	16	16.9774776781122	0.118842343746786	618.893229166667
17.001	4	17	17	20.0284604422885	0.140199223096019	619.28125
18.001	3	18	18	18.016304755804	0.126114133290628	619.28125
19.001	0	19	19	17.766405304338	0.124364837130366	619.28125
20	7	20	20	14.4416042622729	0.10109122983591	619.28125
21.001	1	21	21	19.9824820240922	0.139877374168645	619.28125
22	2	22	22	18.0298755037096	0.126209128525968	619.28125
23	2	23	23	12.2175958259361	0.0855231707815529	619.28125
24	4	24	24	17.9828030454476	0.125879621318133	619.28125
25	8	25	25	18.038006078808	0.126266042551656	619.28125
26	6	26	26	15.5394497791622	0.108776148454136	619.28125
27.001	8	27	27	7.99795092497302	0.0559856564748112	619.28125
28	12	28	28	9.99216813861296	0.0699451769702907	619.28125
29	5	29	29	13.9912009337328	0.0979384065361294	619.28125
30.001	8	30	30	13.0237579392327	0.0911663055746292	619.28125
31	3	31	31	22.196213192852	0.155373492349964	619.28125
32.001	13	32	32	17.773922811408	0.124417459679856	619.28125
33.001	10	33	33	15.010158875527	0.105071112128689	619.28125
34.001	7	34	34	17.7726256910636	0.124408379837445	619.28125
35.001	5	35	35	13.0131745379022	0.0910922217653152	619.28125
36	4	36	36	12.2010019684653	0.085407013779257	619.28125
37	9	37	37	22.01904206758	0.15413329447306	620.057291666667
38.001	4	38	38	13.3192075737454	0.0932344530162178	619.28125
39.001	9	39	39	13.0045997269234	0.0910321980884639	619.28125
40.001	6	40	40	22.0157963338696	0.154110574337087	619.28125
41	14	41	41	17.7561941373486	0.12429335896144	619.28125
42	12	42	42	10.9954028220801	0.0769678197545606	619.28125
43	8	43	43	9.01091041032482	0.0630763728722738	619.28125
44	12	44	44	16.9943748619207	0.118960624033445	619.28125
45	7	45	45	16.6472005401684	0.116530403781179	621.221354166667
46.001	13	46	46	12.9953476655357	0.0909674336587502	619.28125
47.001	10	47	47	15.5489731569191	0.108842812098434	619.28125
48	16	48	48	16.0044796538551	0.112031357576986	619.28125
49.001	9	49	49	20.9970373180344	0.146979261226241	619.28125
49.999	19	50	50	10.9929754886627	0.0769508284206392	619.28125
51.001	17	51	51	15.0091300538117	0.105063910376682	619.28125
52	17	52	52	16.0082987020471	0.11205809091433	619.28125
53.001	8	53	53	11.0957582802374	0.0776703079616615	619.28125
54.001	16	54	54	9.00838770979659	0.0630587139685761	619.28125
55.001	18	55	55	9.989241586811	0.069924691107677	619.28125
56	18	56	56	20.0411464778336	0.140288025344835	619.28125
57.001	27	57	57	16.6614405281543	0.11663008369708	619.28125
58.001	31	58	58	16.6615737789482	0.116631016452638	619.28125
59	31	59	59	11.1033806907324	0.077723664835127	619.28125
60.001	22	60	60	13.9850220413937	0.0978951542897557	619.28125
61	30	61	61	19.045427152845	0.133317990069915	619.28125
62	33	62	62	18.8359911470842	0.131851938029589	619.28125
63	20	63	63	14.0187500782296	0.0981312505476074	619.28125
64	18	64	64	13.3135804178534	0.0931950629249736	619.28125
65	21	65	65	14.0189423949641	0.0981325967647485	619.28125
66	19	66	66	24.9770361129977	0.174839252790984	619.28125
67	19	67	67	17.9886977012343	0.12592088390864	619.28125
68	18	68	68	15.0222268869019	0.105155588208313	619.28125
69.001	20	69	69	9.99188758646855	0.0699432131052798	619.28125
70.001	16	70	70	14.9855120069916	0.104898584048941	619.28125
71.001	14	71	71	17.034412920983	0.119240890446881	619.28125
72	10	72	72	9.98383284667695	0.0698868299267386	619.28125
73	23	73	73	7.00430835006613	0.0490301584504629	619.28125
74.001	13	74	74	12.204666487517	0.0854326654126187	619.28125
75	8	75	75	9.99606355017394	0.0699724448512176	619.28125
76.001	11	76	76	14.4155828458556	0.100909079920989	619.28125
77.001	17	77	77	18.007683878711	0.126053787150977	619.28125
78.001	13	78	78	17.0229384095068	0.119160568866548	619.28125
79.001	14	79	79	8.88755575552556	0.0622128902886789	619.28125
80.001	19	80	80	14.4302002334584	0.101011401634209	619.28125
81.001	18	81	81	7.99628972156919	0.0559740280509843	619.28125
82.001	17	82	82	19.0434628953661	0.133304240267563	619.28125
83	19	83	83	14.9749155190141	0.104824408633099	619.28125
84	15	84	84	11.0093645654994	0.0770655519584959	619.28125
85.001	18	85	85	15.5403156859728	0.10878220980181	619.28125
86	11	86	86	11.996826839301	0.083977787875107	619.28125
87	19	87	87	9.0083579545102	0.0630585056815714	619.28125
88.001	13	88	88	19.0329860681547	0.133230902477083	619.28125
89.001	17	89	89	18.8175411362518	0.131722787953763	619.28125
90.001	19	90	90	10.0006080369686	0.0700042562587805	619.28125
91	11	91	91	16.0224859567918	0.112157401697542	619.28125
92	23	92	92	20.01964127005	0.14013748889035	619.28125
93.001	14	93	93	17.0023888356314	0.11901672184942	619.28125
94.001	19	94	94	17.7471107703666	0.124229775392566	619.28125
95.001	15	95	95	13.9981704391236	0.0979871930738652	619.28125
96	17	96	96	15.5371854233234	0.108760297963264	619.28125
97.001	13	97	97	16.0170100646887	0.112119070452821	619.28125
98.002	12	98	98	14.0291033749513	0.0982037236246594	619.28125
99	9	99	99	7.76250461869025	0.0543375323308317	619.28125
100	24	100	100	4.4396732755643	0.0310777129289501	619.28125
101	12	101	101	18.0275876173308	0.126193113321316	619.28125
102	16	102	102	13.9970830079012	0.0979795810553081	619.28125
103.001	15	103	103	11.9884036171811	0.0839188253202677	619.28125
103.999	11	104	104	15.0017717092389	0.105012401964672	619.28125
105	16	105	105	9.99320905926595	0.0699524634148616	619.28125
106	11	106	106	17.7604159844632	0.124322911891242	619.28125
107.001	17	107	107	12.0208670230653	0.0841460691614574	619.28125
107.999	15	108	108	19.9870816828723	0.139909571780106	619.28125
109.001	15	109	109	14.4424080649073	0.101096856454351	619.28125
110	10	110	110	14.4316163410302	0.101021314387211	619.28125
111.001	16	111	111	12.0048595671528	0.0840340169700695	619.28125
112	14	112	112	13.3224059998788	0.0932568419991514	619.28125
113.001	9	113	113	14.0113211474872	0.0980792480324102	619.28125
114.001	10	114	114	10.9960787983005	0.0769725515881037	619.28125
115	12	115	115	13.3187788677595	0.0932314520743166	619.28125
116.001	8	116	116	21.0440030102945	0.147308021072062	619.28125
117	10	117	117	12.2144199222075	0.0855009394554523	619.28125
118.001	8	118	118	17.0028377736244	0.119019864415371	619.28125
119	4	119	119	14.0068871864296	0.098048210305007	619.28125
120.001	7	120	120	14.4109533887689	0.100876673721383	619.28125
121	9	121	121	16.0239991435172	0.112167994004621	619.28125
122	10	122	122	19.9863448850335	0.139904414195235	619.28125
123	14	123	123	15.9980946269299	0.11198666238851	619.28125
124	14	124	124	21.0716602804749	0.147501621963324	619.28125
125	9	125	125	14.012939548379	0.0980905768386528	619.28125
126	9	126	126	17.7666637425699	0.124366646197989	619.28125
127.001	18	127	127	13.325935958217	0.0932815517075188	619.28125
128.001	8	128	128	14.4307656819963	0.101015359773974	619.28125
129	10	129	129	11.018128126206	0.0771268968834423	619.28125
130.001	6	130	130	18.985018921569	0.132895132450983	619.28125
131.001	7	131	131	19.9978742259698	0.139985119581788	619.28125
132.001	13	132	132	11.1077133850057	0.0777539936950397	620.4453125
132.999	8	133	133	15.0220102494174	0.105154071745922	619.28125
134.001	13	134	134	13.3234991106009	0.0932644937742064	619.28125
135.001	12	135	135	18.0120338398084	0.126084236878659	619.28125
136	6	136	136	18.8582735294956	0.132007914706469	619.28125
137.001	9	137	137	20.0294252286033	0.140205976600223	619.28125
138	8	138	138	16.6648094662339	0.116653666263637	619.28125
139.001	3	139	139	12.2190669875912	0.0855334689131384	619.28125
140.001	9	140	140	14.4258159075026	0.100980711352518	619.28125
141	5	141	141	20.0053594357929	0.14003751605055	619.28125
142	11	142	142	17.0274806510227	0.119192364557159	619.28125
143	10	143	143	12.2079538370653	0.0854556768594573	619.28125
144.001	7	144	144	19.9785151048562	0.139849605733994	619.28125
145.001	19	145	145	14.035653366682	0.0982495735667743	619.28125
146.001	9	146	146	18.8730963013061	0.132111674109143	619.28125
147.001	12	147	147	12.210982691043	0.0854768788373013	619.28125
148	7	148	148	19.988388744978	0.139918721214846	619.28125
149	5	149	149	9.99787489614708	0.0699851242730295	619.28125
150.001	5	150	150	16.0371484506711	0.112260039154698	619.28125
151	3	151	151	16.6408308522779	0.116485815965945	619.28125
152.001	11	152	152	16.0259861365204	0.112181902955643	619.28125
152.999	6	153	153	4.43411984273064	0.0310388388991145	619.28125
154.001	8	154	154	19.9863448850335	0.139904414195235	619.28125
155	12	155	155	13.0247874730399	0.0911735123112796	619.28125
156	13	156	156	19.9819008382629	0.139873305867841	619.28125
157.001	14	157	157	14.4302338708003	0.101011637095602	619.28125
158.001	5	158	158	14.4217718167295	0.100952402717106	619.28125
159	13	159	159	12.2216953313568	0.0855518673194978	619.28125
160	6	160	160	12.0175444130887	0.0841228108916207	619.28125
161	9	161	161	18.8831505092619	0.132182053564833	619.28125
162	6	162	162	15.5436387658351	0.108805471360846	619.28125
163	9	163	163	16.0003168062728	0.112002217643909	619.28125
164	6	164	164	21.1062402598867	0.147743681819207	619.28125
164.999	11	165	165	16.018332982098	0.112128330874686	619.28125
166	12	166	166	20.0132447653857	0.1400927133577	619.28125
167.001	5	167	167	12.2037755375097	0.0854264287625682	619.28125
168	13	168	168	14.4266291603902	0.100986404122731	619.28125
169.001	6	169	169	16.0223720380768	0.112156604266537	619.28125
170.001	6	170	170	17.0066921333545	0.119046844933481	619.28125
171.001	13	171	171	17.964398155735	0.125750787090145	619.28125
172	6	172	172	11.0187837206085	0.0771314860442597	619.28125
173	7	173	173	15.5438027136149	0.108806618995304	619.28125
174	8	174	174	12.2027655904197	0.085419359132938	619.28125
175.001	2	175	175	14.0130924322595	0.0980916470258162	619.28125
176	4	176	176	15.0192215998034	0.105134551198624	619.28125
177.001	8	177	177	21.1008350044639	0.147705845031248	619.28125
178.001	9	178	178	17.7707208270849	0.124395045789594	619.28125
179.001	6	179	179	23.000772825967	0.161005409781769	619.28125
180	3	180	180	18.8627158227562	0.132039010759293	619.28125
181.001	9	181	181	12.0253205148761	0.0841772436041329	619.28125
182.001	4	182	182	11.0974329085273	0.0776820303596911	619.28125
183	1	183	183	14.0130573668544	0.098091401567981	619.28125
184.001	8	184	184	18.8694533519364	0.132086173463555	619.28125
185.001	8	185	185	15.0212881695939	0.105149017187158	619.28125
186	4	186	186	12.2218827254798	0.0855531790783589	619.28125
187.001	4	187	187	20.0204148169889	0.140142903718922	619.28125
188	7	188	188	8.87496407026265	0.0621247484918385	619.28125
189	14	189	189	12.2217415003899	0.0855521905027291	619.28125
190	5	190	190	18.8759043640092	0.132131330548064	619.28125
191	5	191	191	11.0023060833551	0.0770161425834855	619.28125
192	6	192	192	16.0076916958599	0.112053841871019	619.28125
193.001	8	193	193	9.99142036733057	0.069939942571314	619.28125
194	9	194	194	13.0169259087592	0.0911184813613141	619.28125
195	8	195	195	15.5436404915832	0.108805483441082	619.28125
196	3	196	196	15.9780972243249	0.111846680570274	619.28125
197	9	197	197	14.9956047882366	0.104969233517656	619.28125
198	4	198	198	16.0129031973965	0.112090322381775	619.28125
199	6	199	199	19.0092803306574	0.133064962314602	619.28125
200	8	200	200	13.314141737693	0.0931989921638509	619.28125
	8	201	201			
	6	202	202			
	6	203	203			
	9	204	204			
	5	205	205			
	8	206	206			
	6	207	207			
	2	208	208			
	3	209	209			
	5	210	210			
	7	211	211			
	7	212	212			
	3	213	213			
	4	214	214			
	4	215	215			
	5	216	216			
	3	217	217			
	7	218	218			
	2	219	219			
	3	220	220			
	6	221	221			
	4	222	222			
	6	223	223			
	4	224	224			
	6	225	225			
	3	226	226			
	4	227	227			
	2	228	228			
	5	229	229			
	5	230	230			
	2	231	231			
	7	232	232			
	4	233	233			
	6	234	234			
	2	235	235			
	5	236	236			
	7	237	237			
	3	238	238			
	5	239	239			
	2	240	240			
	6	241	241			
	4	242	242			
	2	243	243			
	3	244	244			
	3	245	245			
	3	246	246			
	5	247	247			
	6	248	248			
	4	249	249			
	5	250	250			
	4	251	251			
	6	252	252			
	6	253	253			
	9	254	254			
	9	255	255			
	7	256	256			
	7	257	257			
	8	258	258			
	8	259	259			
	5	260	260			
	8	261	261			
	7	262	262			
	8	263	263			
	15	264	264			
	7	265	265			
	6	266	266			
	8	267	267			
	11	268	268			
	8	269	269			
	12	270	270			
	11	271	271			
	8	272	272			
	14	273	273			
	8	274	274			
	5	275	275			
	3	276	276			
	6	277	277			
	7	278	278			
	9	279	279			
	13	280	280			
	6	281	281			
	6	282	282			
	5	283	283			
	8	284	284			
	8	285	285			
	6	286	286			
	6	287	287			
	7	288	288			
	7	289	289			
	5	290	290			
	4	291	291			
	7	292	292			
	7	293	293			
	10	294	294			
	7	295	295			
	6	296	296			
	7	297	297			
	6	298	298			
	5	299	299			
	2	300	300			
	6	301	301			
	6	302	302			
	5	303	303			
	3	304	304			
	7	305	305			
	8	306	306			
	4	307	307			
	4	308	308			
	4	309	309			
	4	310	310			
	2	311	311			
	6	312	312			
	1	313	313			
	6	314	314			
	1	315	315			
	1	316	316			
	2	317	317			
	1	318	318			
	3	319	319			
	4	320	320			
	4	321	321			
	2	322	322			
	3	323	323			
	1	324	324			
	5	325	325			
	1	326	326			
	0	327	327			
	1	328	328			
	3	329	329			
	1	330	330			
	4	331	331			
	3	332	332			
	2	333	333			
	3	334	334			
	1	335	335			
	0	336	336			
	0	337	337			
	4	338	338			
	0	339	339			
	5	340	340			
	1	341	341			
	1	342	342			
	1	343	343			
	2	344	344			
	1	345	345			
	3	346	346			
	1	347	347			
	2	348	348			
	1	349	349			
	2	350	350			
	3	351	351			
	2	352	352			
	3	353	353			
	1	354	354			
	7	355	355			
	0	356	356			
	3	357	357			
	1	358	358			
	2	359	359			
	2	360	360			
	3	361	361			
	0	362	362			
	2	363	363			
	1	364	364			
	4	365	365			
	4	366	366			
	1	367	367			
	0	368	368			
	3	369	369			
	1	370	370			
	1	371	371			
	1	372	372			
	3	373	373			
	1	374	374			
	3	375	375			
	2	376	376			
	3	377	377			
	1	378	378			
	2	379	379			
	0	380	380			
	1	381	381			
	1	382	382			
	0	383	383			
	2	384	384			
	3	385	385			
	2	386	386			
	1	387	387			
	0	388	388			
	2	389	389			
	2	390	390			
	0	391	391			
	2	392	392			
	0	393	393			
	2	394	394			
	1	395	395			
	0	396	396			
	0	397	397			
	0	398	398			
	0	399	399			
	1	400	400			
	2	401	401			
	2	402	402			
	0	403	403			
	4	404	404			
	1	405	405			
	2	406	406			
	1	407	407			
	3	408	408			
	3	409	409			
	2	410	410			
	0	411	411			
	1	412	412			
	2	413	413			
	0	414	414			
	0	415	415			
	1	416	416			
	1	417	417			
	0	418	418			
	2	419	419			
	2	420	420			
	4	421	421			
	0	422	422			
	3	423	423			
	4	424	424			
	1	425	425			
	4	426	426			
	0	427	427			
	0	428	428			
	0	429	429			
	2	430	430			
	3	431	431			
	2	432	432			
	2	433	433			
	0	434	434			
	0	435	435			
	1	436	436			
	2	437	437			
	0	438	438			
	2	439	439			
	0	440	440			
	0	441	441			
	0	442	442			
	1	443	443			
	5	444	444			
	0	445	445			
	0	446	446			
	1	447	447			
	2	448	448			
	0	449	449			
	1	450	450			
	1	451	451			
	1	452	452			
	3	453	453			
	1	454	454			
	0	455	455			
	1	456	456			
	2	457	457			
	0	458	458			
	1	459	459			
	0	460	460			
	1	461	461			
	1	462	462			
	0	463	463			
	0	464	464			
	2	465	465			
	0	466	466			
	2	467	467			
	0	468	468			
	0	469	469			
	2	470	470			
	0	471	471			
	3	472	472			
	1	473	473			
	1	474	474			
	0	475	475			
	0	476	476			
	1	477	477			
	2	478	478			
	7	479	479			
	1	480	480			
	1	481	481			
	4	482	482			
	0	483	483			
	0	484	484			
	0	485	485			
	0	486	486			
	0	487	487			
	1	488	488			
	1	489	489			
	0	490	490			
	0	491	491			
	0	492	492			
	3	493	493			
	0	494	494			
	3	495	495			
	0	496	496			
	2	497	497			
	1	498	498			
	1	499	499			
	1	500	500			
	2	501	501			
	4	502	502			
	1	503	503			
	0	504	504			
	0	505	505			
	0	506	506			
	1	507	507			
	0	508	508			
	1	509	509			
	1	510	510			
	18	511	511			
