MIN=0	0	0	0	0	0	0
MAX=300	100	511	824.634374726391	1000	100	2000
SCALE=300	5	100	500	500	50	500
DEC=0	0	0	1	0	0	0
DEF="Time" t / s	"Events" N	"Channel" n	"Energy" E / keV	"Rate" R / 1/s	"Dead time" t / %	"Voltage" U / V
0	0	0	-24.9262917846498			622.7734375
1.001	0	1	-23.2637464490117	11.6007678020901	0.0812053746146304	621.609375
2.001	0	2	-21.6012011133737	11.9892552294634	0.0839247866062435	622.385416666667
3.001	0	3	-19.9386557777357	13.0220137141838	0.0911540959992868	621.997395833333
4	1	4	-18.2761104420976	9.9903227074041	0.0699322589518287	622.7734375
5	2	5	-16.6135651064596	14.0059189013277	0.0980414323092939	622.7734375
6	6	6	-14.9510197708215	19.0119604243029	0.13308372297012	623.161458333333
7	2	7	-13.2884744351835	19.9639982564775	0.139747987795342	623.161458333333
8	3	8	-11.6259290995454	10.0125757951988	0.0700880305663914	623.161458333333
9.001	1	9	-9.96338376390739	14.4395478333347	0.101076834833343	623.9375
10	5	10	-8.30083842826934	13.0057914789456	0.091040540352619	622.7734375
11	6	11	-6.63829309263129	14.9932620280446	0.104952834196312	622.7734375
12	5	12	-4.97574775699325	13.9969094823863	0.097978366376704	621.609375
13	4	13	-3.3132024213552	12.0034918157692	0.0840244427103845	622.7734375
14	8	14	-1.65065708571716	12.9843305099406	0.0908903135695842	622.7734375
15.001	6	15	0.0118882499208794	11.0098439014323	0.0770689073100259	623.9375
16	9	16	1.67443358555892	16.0070607144812	0.112049425001368	622.7734375
17	4	17	3.33697892119698	13.3264613214452	0.0932852292501167	623.549479166667
18	0	18	4.99952425683502	16.0104740521249	0.112073318364874	623.161458333333
19.001	4	19	6.66206959247306	10.0076688766602	0.0700536821366213	623.161458333333
20	3	20	8.3246149281111	15.5459464333324	0.108821625033327	622.7734375
21.001	8	21	9.98716026374915	18.8691747943787	0.132084223560651	622.7734375
22	5	22	11.6497055993872	16.0132205148571	0.112092543603999	621.609375
22.999	7	23	13.3122509350252	16.6503567172423	0.116552497020696	623.161458333333
24	4	24	14.9747962706633	17.0260566771387	0.119182396739971	622.7734375
25	10	25	16.6373416063013	16.6565709339506	0.116595996537654	623.161458333333
26	3	26	18.2998869419394	9.99421035394196	0.0699594724775937	622.7734375
27.001	4	27	19.9624322775774	5.9944760902828	0.0419613326319796	623.9375
28.001	8	28	21.6249776132155	18.8536054137795	0.131975237896457	622.7734375
29.001	10	29	23.2875229488535	11.0050755408394	0.077035528785876	621.997395833333
30.001	8	30	24.9500682844916	12.0079252306522	0.0840554766145656	621.609375
31.001	7	31	26.6126136201296	22.0046869983306	0.154032808988315	622.385416666667
32	13	32	28.2751589557676	22.2074912530244	0.155452438771171	623.549479166667
33.001	7	33	29.9377042914057	12.9997062066397	0.0909979434464781	623.9375
34.001	11	34	31.6002496270437	17.0184156275506	0.119128909392854	622.7734375
35	7	35	33.2627949626818	9.99975222836145	0.0699982655985302	622.7734375
36.001	11	36	34.9253402983198	16.9982899720288	0.118988029804202	622.7734375
37	13	37	36.5878856339579	11.9925957713708	0.0839481703995953	623.161458333333
38	9	38	38.2504309695959	11.9986873436046	0.0839908114052323	621.997395833333
39.001	15	39	39.912976305234	11.9955508501897	0.0839688559513276	621.997395833333
39.999	15	40	41.575521640872	14.0145976048652	0.0981021832340566	623.161458333333
41	16	41	43.23806697651	14.4325039528408	0.101027527669886	622.7734375
42.001	13	42	44.9006123121481	10.014143976953	0.0700990078386713	623.549479166667
43.001	13	43	46.5631576477861	15.5545220439797	0.108881654307858	623.161458333333
44.001	11	44	48.2257029834242	11.9791323514438	0.0838539264601065	622.7734375
45	8	45	49.8882483190622	12.0377226113472	0.0842640582794302	621.997395833333
46	8	46	51.5507936547003	22.1856110338805	0.155299277237164	623.161458333333
47	10	47	53.2133389903383	17.9768673670721	0.125838071569504	622.7734375
48.001	20	48	54.8758843259764	21.9901220371809	0.153930854260266	621.609375
49	15	49	56.5384296616144	17.0316806291383	0.119221764403968	622.7734375
50	13	50	58.2009749972525	13.3129467741732	0.093190627419212	623.161458333333
51	22	51	59.8635203328905	14.0219963056046	0.0981539741392322	622.7734375
52	18	52	61.5260656685285	23.2775086947037	0.162942560862926	623.161458333333
53	20	53	63.1886110041666	15.0250949135246	0.105175664394672	622.7734375
54	18	54	64.8511563398046	16.6310392847323	0.116417274993126	622.7734375
54.999	13	55	66.5137016754427	9.02653802178405	0.0631857661524883	621.609375
56.001	15	56	68.1762470110807	21.1054689157543	0.14773828241028	621.609375
57.001	28	57	69.8387923467188	16.0186890044615	0.112130823031231	621.609375
58.001	38	58	71.5013376823568	17.9885826465942	0.125920078526159	622.7734375
59	35	59	73.1638830179949	12.2078725462592	0.0854551078238146	623.161458333333
60.001	39	60	74.8264283536329	8.01531968050535	0.0561072377635374	623.161458333333
61	40	61	76.4889736892709	14.9775531411074	0.104842871987752	622.7734375
62.001	57	62	78.151519024909	14.0015947816456	0.0980111634715194	622.7734375
63	43	63	79.814064360547	8.01308857888475	0.0560916200521932	622.7734375
64.001	37	64	81.4766096961851	11.1038072734379	0.0777266509140654	622.7734375
65.001	41	65	83.1391550318231	4.44083306031462	0.0310858314222023	621.997395833333
66	32	66	84.8017003674612	15.0360594778398	0.105252416344878	622.7734375
67	35	67	86.4642457030992	19.9475843973984	0.139633090781789	623.161458333333
68.001	20	68	88.1267910387373	18.8746825444937	0.132122777811456	623.549479166667
69	27	69	89.7893363743753	8.88250138344959	0.0621775096841471	623.161458333333
70.001	31	70	91.4518817100133	21.01978802845	0.14713851619915	622.7734375
71	26	71	93.1144270456514	13.995396913955	0.097967778397685	622.7734375
72.001	28	72	94.7769723812894	14.0212098841918	0.0981484691893427	622.385416666667
73	27	73	96.4395177169275	9.00679472594125	0.0630475630815888	621.609375
74.001	18	74	98.1020630525655	16.6338849757983	0.116437194830588	623.161458333333
75.001	19	75	99.7646083882036	17.0265887209466	0.119186121046626	623.161458333333
76	15	76	101.427153723842	14.4163134115407	0.100914193880785	623.549479166667
77	20	77	103.08969905948	18.0438519734511	0.126306963814158	622.7734375
78.001	18	78	104.752244395118	15.5094579998338	0.108566205998837	622.7734375
79.001	18	79	106.414789730756	15.5094339455424	0.108566037618797	622.7734375
80.001	22	80	108.077335066394	21.0294285823582	0.147206000076507	622.385416666667
81	23	81	109.739880402032	18.0274973416953	0.126192481391867	621.609375
82	19	82	111.40242573767	22.2035539674587	0.155424877772211	622.385416666667
83	26	83	113.064971073308	16.6479432797913	0.116535602958539	622.7734375
84.001	16	84	114.727516408946	16.0129897372749	0.112090928160924	622.7734375
85.001	16	85	116.390061744584	22.9900935686813	0.160930654980769	622.7734375
86	20	86	118.052607080222	19.994461534155	0.139961230739085	622.7734375
87	22	87	119.71515241586	12.0281446556798	0.0841970125897588	622.385416666667
87.999	12	88	121.377697751498	9.96700147301207	0.0697690103110845	623.549479166667
89	30	89	123.040243087136	13.0070459167731	0.0910493214174118	622.385416666667
90	27	90	124.702788422774	15.5545600637115	0.10888192044598	622.7734375
91.001	25	91	126.365333758412	15.0349170914532	0.105244419640172	622.7734375
92	24	92	128.02787909405	12.1957777108858	0.0853704439762005	622.7734375
93.001	14	93	129.690424429688	16.004447635998	0.112031133451986	622.7734375
94	28	94	131.352969765326	11.9866863874295	0.0839068047120064	623.9375
95.001	21	95	133.015515100964	18.0081432823923	0.126057002976746	621.997395833333
96	16	96	134.678060436603	20.9863777422075	0.146904644195453	622.7734375
97	25	97	136.340605772241	10.0225899154103	0.0701581294078724	621.997395833333
98	22	98	138.003151107879	22.1766147818891	0.155236303473224	623.161458333333
99	22	99	139.665696443517	21.0980865590087	0.147686605913061	622.7734375
100.001	27	100	141.328241779155	14.0167317727171	0.0981171224090197	623.161458333333
101.001	22	101	142.990787114793	13.0065006490244	0.0910455045431707	622.7734375
102	21	102	144.653332450431	16.9925063047196	0.118947544133037	625.1015625
103.001	18	103	146.315877786069	16.6573256086281	0.116601279260397	622.7734375
104	16	104	147.978423121707	19.0280320968851	0.133196224678196	623.549479166667
105	22	105	149.640968457345	11.0911691889095	0.0776381843223662	621.997395833333
106	25	106	151.303513792983	16.9984854349477	0.118989398044634	622.7734375
107	11	107	152.966059128621	14.0166335390208	0.0981164347731453	622.385416666667
108	21	108	154.628604464259	10.9836628998028	0.0768856402986198	622.7734375
109.001	15	109	156.291149799897	16.6548972059744	0.116584280441821	623.549479166667
110.001	16	110	157.953695135535	17.0036540852629	0.11902557859684	622.7734375
111	23	111	159.616240471173	19.9744992226591	0.139821494558614	622.7734375
112.001	18	112	161.278785806811	13.0109109499226	0.0910763766494582	622.7734375
113.001	16	113	162.941331142449	20.0028904176654	0.140020232923657	622.385416666667
114.001	18	114	164.603876478087	16.0100174679297	0.112070122275508	621.997395833333
115.001	21	115	166.266421813725	17.7195748808192	0.124037024165735	622.7734375
116	6	116	167.928967149363	14.0214387798945	0.0981500714592612	623.161458333333
117.001	22	117	169.591512485001	11.0055930423841	0.077039151296689	622.7734375
118	25	118	171.254057820639	14.0154786946704	0.0981083508626927	622.7734375
119	32	119	172.916603156278	12.2040937190078	0.0854286560330549	623.161458333333
120	25	120	174.579148491916	13.0151209675401	0.0911058467727806	622.7734375
121	18	121	176.241693827554	14.4392142401752	0.101074499681227	622.7734375
122.001	22	122	177.904239163192	23.3213694707948	0.163249586295564	623.161458333333
123.001	14	123	179.56678449883	22.1839991916151	0.155287994341305	622.385416666667
124.001	18	124	181.229329834468	18.0426691081739	0.126298683757217	623.161458333333
125.001	17	125	182.891875170106	18.8397882141831	0.131878517499282	623.549479166667
126.001	11	126	184.554420505744	22.0493950548018	0.154345765383612	622.7734375
127	15	127	186.216965841382	15.5438096167552	0.108806667317286	623.9375
128	12	128	187.87951117702	18.866343608277	0.132064405257939	622.7734375
129.001	19	129	189.542056512658	11.0028948616381	0.0770202640314667	621.997395833333
130.001	19	130	191.204601848296	13.309994996551	0.0931699649758573	624.325520833333
131	18	131	192.867147183934	18.8762942059215	0.13213405944145	622.7734375
132.001	9	132	194.529692519572	6.00048303888463	0.0420033812721924	623.161458333333
133.001	10	133	196.19223785521	17.0120836830401	0.11908458578128	622.7734375
134.001	16	134	197.854783190848	18.8843566432945	0.132190496503061	622.7734375
135.001	12	135	199.517328526486	13.9947967345741	0.0979635771420186	622.7734375
136.001	13	136	201.179873862124	9.99840025595905	0.0699888017917133	621.997395833333
137.001	13	137	202.842419197762	20.0041748712956	0.140029224099069	622.385416666667
138	7	138	204.5049645334	15.011136762364	0.105077957336548	622.385416666667
139.001	17	139	206.167509869038	17.0121773165232	0.119085241215662	621.609375
140	13	140	207.830055204676	14.9882941422749	0.104918058995924	623.161458333333
141.001	12	141	209.492600540315	16.0159566976579	0.112111696883605	623.549479166667
142	9	142	211.155145875953	9.99932226815738	0.0699952558771016	623.161458333333
143.001	15	143	212.817691211591	10.9972803725639	0.076980962607947	622.7734375
144.001	10	144	214.480236547229	16.6522236380313	0.116565565466219	622.385416666667
145.001	13	145	216.142781882867	7.00245015731004	0.0490171511011703	621.609375
146.001	14	146	217.805327218505	19.9866888652158	0.13990682205651	622.7734375
147	14	147	219.467872554143	14.0336780205136	0.0982357461435954	623.549479166667
148.001	15	148	221.130417889781	16.6188266044812	0.116331786231369	623.161458333333
149	14	149	222.792963225419	18.0059419608471	0.12604159372593	622.7734375
150.001	9	150	224.455508561057	14.979400328668	0.104855802300676	623.161458333333
151	6	151	226.118053896695	12.027050038241	0.084189350267687	622.7734375
152	12	152	227.780599232333	10.0026797178964	0.070018758025275	622.385416666667
153.001	17	153	229.443144567971	13.3239577084258	0.0932677039589809	621.609375
154	13	154	231.105689903609	9.99170022767754	0.0699419015937428	622.7734375
155.001	14	155	232.768235239247	9.99494855300131	0.0699646398710092	622.7734375
156	15	156	234.430780574885	12.0046469988533	0.0840325289919728	623.549479166667
157	10	157	236.093325910523	12.014891256223	0.0841042387935607	622.7734375
158	13	158	237.755871246161	15.9791328504106	0.111853929952875	623.161458333333
159	9	159	239.418416581799	11.9991132655297	0.0839937928587077	622.385416666667
160.001	15	160	241.080961917437	14.0070175157754	0.0980491226104278	622.7734375
161.001	11	161	242.743507253075	15.510891082966	0.108576237580762	621.609375
162.001	13	162	244.406052588713	13.0169285155345	0.0911184996087412	622.385416666667
163	10	163	246.068597924352	14.9956362698455	0.104969453888918	622.7734375
164	10	164	247.73114325999	22.2157253567623	0.155510077497336	623.161458333333
165.001	10	165	249.393688595628	15.0327413105744	0.105229189174021	623.549479166667
166	10	166	251.056233931266	21.0447593232714	0.1473133152629	622.7734375
167	12	167	252.718779266904	8.00661105875121	0.0560462774112585	622.7734375
168	13	168	254.381324602542	10.0151689749294	0.070106182824506	622.7734375
169.001	11	169	256.04386993818	18.9876561247533	0.132913592873273	621.997395833333
170	13	170	257.706415273818	15.990936337284	0.111936554360988	621.609375
171.001	8	171	259.368960609456	15.9935529987862	0.111954870991503	622.7734375
172.001	14	172	261.031505945094	21.9986998768373	0.153990899137861	622.7734375
173	15	173	262.694051280732	19.0193731334738	0.133135611934316	622.385416666667
174	14	174	264.35659661637	16.6584410986397	0.116609087690478	623.161458333333
175	15	175	266.019141952008	19.0182289724701	0.133127602807291	622.7734375
176.001	13	176	267.681687287646	16.6329461405244	0.116430622983671	622.7734375
177.001	11	177	269.344232623284	17.0087952480228	0.119061566736159	621.997395833333
178	13	178	271.006777958922	13.3330785233882	0.0933315496637175	621.997395833333
179.001	9	179	272.66932329456	16.0111437560542	0.112078006292379	622.385416666667
180.001	12	180	274.331868630198	7.77433029419954	0.0544203120593968	622.7734375
181.001	12	181	275.994413965836	16.024578498501	0.112172049489507	623.549479166667
182.001	6	182	277.656959301474	18.8592024088305	0.132014416861813	623.549479166667
183	2	183	279.319504637112	12.0086762686041	0.0840607338802285	622.7734375
184	15	184	280.98204997275	15.5457824403281	0.108820477082296	622.7734375
185.001	10	185	282.644595308388	14.4326593762493	0.101028615633745	622.7734375
186	6	186	284.307140644027	15.0251671549846	0.105176170084892	622.7734375
187.001	5	187	285.969685979665	16.9739161830016	0.118817413281011	623.161458333333
188.001	10	188	287.632231315303	19.0012597835237	0.133008818484666	622.385416666667
189	7	189	289.294776650941	7.77552028505502	0.0544286419953851	622.7734375
190	14	190	290.957321986579	17.7737293172111	0.124416105220478	623.161458333333
191.001	5	191	292.619867322217	18.8717826663342	0.13210247866434	623.9375
192.001	9	192	294.282412657855	19.0214276382345	0.133149993467641	623.161458333333
193.001	6	193	295.944957993493	13.324522862716	0.093271660039012	622.7734375
194.001	12	194	297.607503329131	16.6545292158748	0.116581704511123	622.7734375
195.001	8	195	299.270048664769	14.0112384143321	0.0980786689003249	622.7734375
196.001	10	196	300.932594000407	22.2005717313238	0.155404002119267	621.609375
197.001	18	197	302.595139336045	12.9954087220985	0.0909678610546894	622.385416666667
198	13	198	304.257684671683	15.0154719422893	0.105108303596025	622.385416666667
199	9	199	305.920230007321	10.0036653429817	0.0700256574008717	623.161458333333
200.001	14	200	307.582775342959	9.9805623004442	0.0698639361031094	622.7734375
201	8	201	309.245320678597	10.9927403942436	0.0769491827597055	623.161458333333
202	7	202	310.907866014235	19.0190685180962	0.133133479626674	622.7734375
203	10	203	312.570411349873	13.0173286679227	0.0911213006754592	623.161458333333
204.001	5	204	314.232956685511	14.4165548182289	0.100915883727602	622.7734375
205.001	7	205	315.895502021149	13.0095229708146	0.0910666607957025	621.997395833333
206	10	206	317.558047356787	12.0038868585648	0.0840272080099536	622.385416666667
207.001	6	207	319.220592692425	13.9989934723693	0.0979929543065853	622.7734375
208.001	6	208	320.883138028064	21.0971401161009	0.147679980812706	623.549479166667
209.001	6	209	322.545683363702	21.0075942453197	0.147053159717238	622.7734375
210	8	210	324.20822869934	9.00129348587392	0.0630090544011175	622.7734375
211	10	211	325.870774034978	7.99213094786873	0.0559449166350811	622.7734375
212.001	5	212	327.533319370616	17.0279206815415	0.119195444770791	622.7734375
213.001	14	213	329.195864706254	15.5449815136859	0.108814870595801	622.7734375
214.001	13	214	330.858410041892	11.1109321016495	0.0777765247115463	622.385416666667
215.001	9	215	332.52095537753	15.00021000294	0.10500147002058	621.609375
216	7	216	334.183500713168	12.9945591780721	0.090961914246505	622.385416666667
217.001	6	217	335.846046048806	9.99336340736117	0.0699535438515282	622.7734375
218	12	218	337.508591384444	12.0162965013151	0.0841140755092056	623.161458333333
219	8	219	339.171136720082	12.2102046674506	0.0854714326721544	622.7734375
220.001	8	220	340.83368205572	24.4432657358523	0.171102860150966	622.7734375
221.001	4	221	342.496227391358	15.5464142639683	0.108824899847778	622.7734375
222	9	222	344.158772726996	18.0403490446733	0.126282443312713	623.161458333333
223	4	223	345.821318062634	13.3224015627177	0.0932568109390239	621.997395833333
224.001	9	224	347.483863398272	11.0969206156261	0.0776784443093826	622.385416666667
225.001	8	225	349.14640873391	26.9865013520237	0.188905509464166	622.7734375
226.001	8	226	350.808954069548	17.9924341814267	0.125947039269987	623.161458333333
227	8	227	352.471499405186	12.0156564002896	0.084109594802027	622.7734375
228	8	228	354.134044740824	17.7660857193649	0.124362600035554	622.7734375
229.001	5	229	355.796590076463	8.88179233681178	0.0621725463576824	622.7734375
230	7	230	357.459135412101	10.0094839860768	0.0700663879025376	623.161458333333
231	8	231	359.121680747739	18.9892198199082	0.132924538739358	623.161458333333
232.001	6	232	360.784226083377	20.0298785698627	0.140209149989039	621.997395833333
232.999	11	233	362.446771419015	19.9927746112555	0.139949422278788	621.609375
234.001	5	234	364.109316754653	13.9964113201375	0.0979748792409626	622.7734375
235.001	10	235	365.771862090291	7.99986240236668	0.0559990368165667	623.549479166667
236	9	236	367.434407425929	18.0128846163661	0.126090192314563	622.7734375
237	6	237	369.096952761567	9.9905888652889	0.0699341220570223	622.7734375
238	6	238	370.759498097205	14.017614534424	0.0981233017409677	623.549479166667
239	6	239	372.422043432843	13.3325496756913	0.093327847729839	622.7734375
240	4	240	374.084588768481	16.6646780150902	0.116652746105631	623.161458333333
241	6	241	375.747134104119	18.8807617698782	0.132165332389147	622.7734375
242	12	242	377.409679439757	13.3320771553969	0.0933245400877784	622.7734375
243.001	11	243	379.072224775395	18.0300272073111	0.126210190451177	621.997395833333
244	7	244	380.734770111033	21.1034575904916	0.147724203133441	623.161458333333
245	9	245	382.397315446671	14.4333339846838	0.101033337892787	623.9375
246	6	246	384.059860782309	6.99760821751125	0.0489832575225788	622.7734375
247	8	247	385.722406117947	16.0112495039014	0.11207874652731	624.713541666667
248	7	248	387.384951453585	25.5212040149514	0.17864842810466	623.161458333333
249	7	249	389.047496789223	23.0535649581803	0.161374954707262	621.609375
250	10	250	390.710042124861	18.844752384942	0.131913266694594	622.385416666667
251	7	251	392.372587460499	17.0277074856206	0.119193952399344	622.385416666667
252	2	252	394.035132796137	9.99760657298643	0.069983246010905	623.161458333333
253.001	10	253	395.697678131776	16.6657556053602	0.116660289237522	622.7734375
254.001	11	254	397.360223467414	23.3194142340816	0.163235899638571	623.161458333333
255	8	255	399.022768803052	15.5359595319326	0.108751716723528	623.549479166667
256	7	256	400.68531413869	11.0006226352412	0.0770043584466881	623.549479166667
257.001	8	257	402.347859474328	15.5462399031336	0.108823679321935	622.385416666667
258.001	9	258	404.010404809966	13.9998838009645	0.0979991866067512	622.7734375
259.001	5	259	405.672950145604	14.0109888185304	0.0980769217297126	622.385416666667
260.001	3	260	407.335495481242	15.5513169577225	0.108859218704058	622.385416666667
261.001	7	261	408.99804081688	15.0035498398921	0.105024848879245	622.7734375
262	8	262	410.660586152518	16.0046365432066	0.112032455802446	623.549479166667
263.001	11	263	412.323131488156	14.4106930002497	0.100874851001748	622.7734375
264	11	264	413.985676823794	16.0374056449262	0.112261839514484	623.161458333333
265	10	265	415.648222159432	15.5344270087762	0.108740989061433	623.161458333333
266.001	6	266	417.31076749507	9.9991622924035	0.0699941360468245	622.7734375
267.001	12	267	418.973312830708	18.9925682080602	0.132947977456421	621.997395833333
268.001	12	268	420.635858166346	13.0172739224952	0.0911209174574661	621.997395833333
269	7	269	422.298403501984	23.3245555256039	0.163271888679227	621.609375
270	19	270	423.960948837622	8.8874224641823	0.0622119572492761	623.161458333333
271	7	271	425.62349417326	22.1974227682295	0.155381959377606	622.7734375
272	8	272	427.286039508898	16.0201966619317	0.112141376633522	622.7734375
273.001	14	273	428.948584844536	19.9912638177117	0.139938846723982	624.325520833333
274	16	274	430.611130180174	12.9945409933287	0.0909617869533009	623.161458333333
275.001	10	275	432.273675515812	16.0041546785546	0.112029082749882	622.7734375
276.001	13	276	433.936220851451	14.4234999199496	0.100964499439647	622.7734375
277.001	8	277	435.598766187089	16.0239333468469	0.112167533427928	622.385416666667
278	17	278	437.261311522727	11.1004941051936	0.0777034587363553	622.385416666667
279.001	10	279	438.923856858365	11.0102847069448	0.0770719929486133	622.7734375
280.001	14	280	440.586402194003	11.1040464699903	0.0777283252899322	622.7734375
281.001	7	281	442.248947529641	19.0151170180293	0.133105819126205	622.7734375
282.001	10	282	443.911492865279	13.3255023797682	0.0932785166583771	622.7734375
283	15	283	445.574038200917	17.0052801394833	0.119036960976383	622.7734375
284.001	14	284	447.236583536555	8.86903211143939	0.0620832247800757	622.385416666667
285.001	10	285	448.899128872193	6.01032814788933	0.0420722970352253	621.609375
286.001	9	286	450.561674207831	18.8806170807612	0.132164319565328	622.7734375
287	9	287	452.224219543469	15.9835353602254	0.111884747521578	623.161458333333
288.001	8	288	453.886764879107	16.0249701084229	0.112174790758961	622.7734375
289	15	289	455.549310214745	15.5430675642714	0.1088014729499	622.7734375
290.001	9	290	457.211855550383	10.0109469705123	0.0700766287935858	623.161458333333
291.001	7	291	458.874400886021	18.8745798601793	0.132122059021255	622.7734375
292.001	12	292	460.536946221659	16.6460163585951	0.116522114510166	623.161458333333
293	11	293	462.199491557297	14.0292945699916	0.0982050619899412	621.997395833333
294.001	6	294	463.862036892935	23.2870412827123	0.163009288978986	622.385416666667
295	13	295	465.524582228573	16.6666574074126	0.116666601851888	622.385416666667
296.001	10	296	467.187127564211	13.3218587723108	0.0932530114061755	623.549479166667
297	10	297	468.84967289985	13.0098588710525	0.0910690120973674	623.549479166667
298.001	12	298	470.512218235488	7.77247953755967	0.0544073567629177	623.161458333333
299.001	3	299	472.174763571126	13.0079348402526	0.0910555438817679	622.7734375
	8	300	473.837308906764			
	9	301	475.499854242402			
	9	302	477.16239957804			
	10	303	478.824944913678			
	7	304	480.487490249316			
	3	305	482.150035584954			
	3	306	483.812580920592			
	12	307	485.47512625623			
	7	308	487.137671591868			
	5	309	488.800216927506			
	5	310	490.462762263144			
	3	311	492.125307598782			
	7	312	493.78785293442			
	6	313	495.450398270058			
	6	314	497.112943605696			
	7	315	498.775488941334			
	6	316	500.438034276972			
	4	317	502.10057961261			
	3	318	503.763124948249			
	4	319	505.425670283887			
	8	320	507.088215619525			
	4	321	508.750760955163			
	4	322	510.413306290801			
	4	323	512.075851626439			
	2	324	513.738396962077			
	7	325	515.400942297715			
	7	326	517.063487633353			
	3	327	518.726032968991			
	4	328	520.388578304629			
	5	329	522.051123640267			
	5	330	523.713668975905			
	4	331	525.376214311543			
	6	332	527.038759647181			
	2	333	528.701304982819			
	7	334	530.363850318457			
	3	335	532.026395654095			
	5	336	533.688940989733			
	2	337	535.351486325371			
	2	338	537.014031661009			
	3	339	538.676576996647			
	8	340	540.339122332285			
	6	341	542.001667667924			
	5	342	543.664213003562			
	1	343	545.3267583392			
	2	344	546.989303674838			
	6	345	548.651849010476			
	3	346	550.314394346114			
	2	347	551.976939681752			
	6	348	553.63948501739			
	2	349	555.302030353028			
	3	350	556.964575688666			
	2	351	558.627121024304			
	4	352	560.289666359942			
	6	353	561.95221169558			
	1	354	563.614757031218			
	2	355	565.277302366856			
	1	356	566.939847702494			
	8	357	568.602393038132			
	4	358	570.26493837377			
	3	359	571.927483709408			
	3	360	573.590029045046			
	2	361	575.252574380684			
	7	362	576.915119716322			
	4	363	578.57766505196			
	6	364	580.240210387598			
	4	365	581.902755723237			
	6	366	583.565301058875			
	7	367	585.227846394513			
	3	368	586.890391730151			
	2	369	588.552937065789			
	1	370	590.215482401427			
	5	371	591.878027737065			
	2	372	593.540573072703			
	4	373	595.203118408341			
	3	374	596.865663743979			
	3	375	598.528209079617			
	0	376	600.190754415255			
	4	377	601.853299750893			
	1	378	603.515845086531			
	4	379	605.178390422169			
	4	380	606.840935757807			
	2	381	608.503481093445			
	3	382	610.166026429083			
	2	383	611.828571764721			
	2	384	613.491117100359			
	3	385	615.153662435997			
	3	386	616.816207771636			
	1	387	618.478753107274			
	4	388	620.141298442912			
	7	389	621.80384377855			
	4	390	623.466389114188			
	3	391	625.128934449826			
	4	392	626.791479785464			
	1	393	628.454025121102			
	4	394	630.11657045674			
	3	395	631.779115792378			
	3	396	633.441661128016			
	0	397	635.104206463654			
	2	398	636.766751799292			
	1	399	638.42929713493			
	4	400	640.091842470568			
	5	401	641.754387806206			
	3	402	643.416933141844			
	1	403	645.079478477482			
	0	404	646.74202381312			
	2	405	648.404569148758			
	1	406	650.067114484396			
	0	407	651.729659820034			
	1	408	653.392205155673			
	3	409	655.054750491311			
	3	410	656.717295826949			
	1	411	658.379841162587			
	2	412	660.042386498225			
	3	413	661.704931833863			
	1	414	663.367477169501			
	2	415	665.030022505139			
	1	416	666.692567840777			
	2	417	668.355113176415			
	1	418	670.017658512053			
	2	419	671.680203847691			
	1	420	673.342749183329			
	3	421	675.005294518967			
	0	422	676.667839854605			
	5	423	678.330385190243			
	0	424	679.992930525881			
	1	425	681.655475861519			
	3	426	683.318021197157			
	4	427	684.980566532795			
	0	428	686.643111868433			
	2	429	688.305657204072			
	2	430	689.96820253971			
	4	431	691.630747875348			
	1	432	693.293293210986			
	1	433	694.955838546624			
	0	434	696.618383882262			
	1	435	698.2809292179			
	1	436	699.943474553538			
	2	437	701.606019889176			
	0	438	703.268565224814			
	1	439	704.931110560452			
	3	440	706.59365589609			
	2	441	708.256201231728			
	3	442	709.918746567366			
	2	443	711.581291903004			
	1	444	713.243837238642			
	3	445	714.90638257428			
	1	446	716.568927909918			
	2	447	718.231473245556			
	1	448	719.894018581194			
	1	449	721.556563916832			
	3	450	723.21910925247			
	0	451	724.881654588108			
	3	452	726.544199923746			
	2	453	728.206745259384			
	3	454	729.869290595023			
	2	455	731.531835930661			
	0	456	733.194381266299			
	1	457	734.856926601937			
	2	458	736.519471937575			
	2	459	738.182017273213			
	1	460	739.844562608851			
	0	461	741.507107944489			
	0	462	743.169653280127			
	2	463	744.832198615765			
	4	464	746.494743951403			
	1	465	748.157289287041			
	2	466	749.819834622679			
	3	467	751.482379958317			
	3	468	753.144925293955			
	3	469	754.807470629593			
	3	470	756.470015965231			
	1	471	758.132561300869			
	4	472	759.795106636507			
	1	473	761.457651972145			
	5	474	763.120197307783			
	0	475	764.782742643421			
	4	476	766.44528797906			
	3	477	768.107833314698			
	2	478	769.770378650336			
	0	479	771.432923985974			
	3	480	773.095469321612			
	0	481	774.75801465725			
	3	482	776.420559992888			
	1	483	778.083105328526			
	1	484	779.745650664164			
	0	485	781.408195999802			
	0	486	783.07074133544			
	0	487	784.733286671078			
	2	488	786.395832006716			
	3	489	788.058377342354			
	0	490	789.720922677992			
	2	491	791.38346801363			
	2	492	793.046013349268			
	3	493	794.708558684906			
	1	494	796.371104020544			
	1	495	798.033649356182			
	1	496	799.69619469182			
	4	497	801.358740027458			
	3	498	803.021285363096			
	0	499	804.683830698734			
	1	500	806.346376034373			
	3	501	808.008921370011			
	2	502	809.671466705649			
	0	503	811.334012041287			
	0	504	812.996557376925			
	1	505	814.659102712563			
	1	506	816.321648048201			
	3	507	817.984193383839			
	0	508	819.646738719477			
	2	509	821.309284055115			
	2	510	822.971829390753			
	43	511	824.634374726391			
