MIN=0	0	0	0	0	0	0
MAX=200	46.4158883361278	511	511	1000	100	2000
SCALE=200	5	100	500	500	50	500
DEC=0	0	0	1	0	0	0
DEF="Time" t / s	"Events" N	"Channel" n	"Energy" E / keV	"Rate" R / 1/s	"Dead time" t / %	"Voltage" U / V
0	0	0	0			619.28125
1.001	0	1	1	11.6284244785101	0.0813989713495706	619.28125
2	0	2	2	15.0107777384162	0.105075444168913	619.28125
3	0	3	3	17.7405600539579	0.124183920377705	619.28125
4.001	2	4	4	14.0282936654939	0.0981980556584575	619.28125
5	3	5	5	6.66397146043156	0.0466478002230209	619.28125
6	2	6	6	12.9978566534378	0.0909849965740649	619.28125
7	4	7	7	14.0023369900436	0.0980163589303055	619.28125
8	2	8	8	13.3170864878182	0.0932196054147274	619.28125
9.001	3	9	9	16.6502827884029	0.11655197951882	619.28125
10	5	10	10	12.0217063930633	0.0841519447514432	619.28125
11.001	0	11	11	8.98811232264207	0.0629167862584945	619.28125
12	4	12	12	11.0231950069336	0.0771623650485351	619.28125
13.001	2	13	13	18.8479741255011	0.131935818878508	619.28125
14.001	5	14	14	13.0030088962586	0.0910210622738102	619.28125
15.001	2	15	15	13.9910597128435	0.0979374179899044	619.28125
16	2	16	16	15.043302145225	0.105303115016575	619.28125
17.001	4	17	17	12.2167138416923	0.0855169968918459	619.28125
18.001	2	18	18	16.6446458002729	0.11651252060191	619.28125
19.001	2	19	19	15.5408176801222	0.108785723760856	619.28125
20	1	20	20	14.0216297660772	0.09815140836254	619.28125
21.001	2	21	21	13.33248597978	0.0933274018584597	619.28125
22.001	5	22	22	9.98905199900909	0.0699233639930636	619.28125
23.001	2	23	23	16.9945277620606	0.118961694334424	619.28125
24	6	24	24	19.0148315686235	0.133103820980365	619.28125
25	6	25	25	13.3211267408631	0.0932478871860419	619.28125
26	4	26	26	10.0189488379372	0.0701326418655603	619.28125
27	3	27	27	8.87678292959136	0.0621374805071395	619.28125
28.001	7	28	28	15.0006825310552	0.105004777717386	619.28125
29	6	29	29	19.9957542348508	0.139970279643956	619.28125
30.001	10	30	30	15.0312349061349	0.105218644342945	619.28125
31	10	31	31	8.87842418624803	0.0621489693037362	619.28125
32	3	32	32	9.99067315157561	0.0699347120610292	619.28125
33.001	8	33	33	17.7509757766856	0.124256830436799	619.28125
34	7	34	34	13.0162872802738	0.0911140109619166	619.28125
35.001	9	35	35	11.0168778568767	0.0771181449981371	619.28125
35.999	8	36	36	11.076854093684	0.0775379786557883	619.28125
37	10	37	37	14.4215222360459	0.100950655652322	619.28125
38	8	38	38	15.9817073377812	0.111871951364468	619.28125
39	10	39	39	18.0333544924693	0.126233481447285	619.28125
40	9	40	40	13.2982039113342	0.0930874273793396	619.28125
41	9	41	41	11.0109768428146	0.0770768378997022	619.28125
42.001	3	42	42	15.5474743239014	0.10883232026731	619.28125
43	13	43	43	15.0346804975036	0.105242763482525	619.28125
44.001	11	44	44	18.855826245114	0.131990783715798	619.28125
45.001	4	45	45	11.9805591466727	0.0838639140267089	619.28125
46.001	8	46	46	18.0327077252721	0.126228954076905	619.28125
47	10	47	47	16.9982763747756	0.118987934623429	619.28125
48.001	7	48	48	16.6644169703757	0.11665091879263	619.28125
49.001	8	49	49	9.98758543130888	0.0699130980191622	619.28125
50	15	50	50	8.00028881042606	0.0560020216729824	619.28125
51	11	51	51	7.774739582321	0.054423177076247	619.28125
52	11	52	52	11.0106054151359	0.077074237905951	619.28125
53.001	12	53	53	9.99408350256648	0.0699585845179654	619.28125
54.001	20	54	54	19.0022878754602	0.133016015128221	619.28125
55.001	23	55	55	9.99274970493631	0.0699492479345541	619.28125
56	21	56	56	23.037745041476	0.161264215290332	619.28125
57.001	18	57	57	13.3169121010558	0.0932183847073908	619.28125
58.001	20	58	58	19.9854195261546	0.139897936683082	619.28125
59	29	59	59	22.0411618697918	0.154288133088543	619.28125
60	27	60	60	13.3200074059241	0.0932400518414688	619.28125
61	20	61	61	13.9928930096404	0.0979502510674828	619.28125
62.001	11	62	62	15.0043182427903	0.105030227699532	619.28125
63.001	26	63	63	13.3232698235266	0.0932628887646864	619.28125
64	25	64	64	16.0108377360635	0.112075864152445	619.28125
65	30	65	65	17.9951413118458	0.125965989182921	619.28125
66.001	20	66	66	19.0365139373833	0.133255597561683	619.28125
67	24	67	67	14.4129952887244	0.100890967021071	619.28125
68	27	68	68	12.9830817461766	0.0908815722232359	619.28125
69.001	18	69	69	15.0208188549329	0.105145731984531	619.28125
70.001	16	70	70	15.0165557527174	0.105115890269022	619.28125
71.001	14	71	71	9.99687097938345	0.0699780968556842	619.28125
72	14	72	72	8.87305935100669	0.0621114154570468	619.28125
73.001	10	73	73	7.01188093104957	0.049083166517347	619.28125
74.001	17	74	74	8.88089016714502	0.0621662311700151	619.28125
75.001	10	75	75	9.98793900876142	0.0699155730613299	619.28125
76	17	76	76	15.023207851489	0.105162454960423	619.28125
77.001	10	77	77	14.4227030209017	0.100958921146312	619.28125
78.001	12	78	78	19.0027021842506	0.133018915289754	619.28125
79.001	10	79	79	12.005580193674	0.0840390613557181	619.28125
80	14	80	80	11.0995281368598	0.0776966969580189	619.28125
81.001	14	81	81	9.98676642484637	0.0699073649739246	619.28125
82	11	82	82	12.021274048684	0.0841489183407877	619.28125
83	20	83	83	15.5392600515149	0.108774820360604	619.28125
84	12	84	84	10.0186336567382	0.0701304355971672	619.28125
85.001	10	85	85	19.9418672412288	0.139593070688602	619.28125
86	11	86	86	17.0191056480004	0.119133739536003	619.28125
87	20	87	87	18.8756423825236	0.132129496677665	619.28125
88	12	88	88	12.9976214352773	0.0909833500469414	619.28125
89.001	7	89	89	11.1066844803077	0.0777467913621538	619.28125
90	11	90	90	8.99447019972121	0.0629612913980485	619.28125
91	12	91	91	17.0186251834007	0.119130376283805	619.28125
92	16	92	92	19.033933696995	0.133237535878965	619.28125
93	13	93	93	17.7487349311854	0.124241144518298	619.28125
94	14	94	94	7.77249248288941	0.0544074473802259	619.28125
95.001	17	95	95	11.999472023231	0.0839963041626168	619.28125
96	15	96	96	12.0022000032606	0.0840154000228242	619.28125
97	14	97	97	12.216660926687	0.0855166264868093	619.28125
98	19	98	98	22.2164533498357	0.15551517344885	619.28125
99.001	16	99	99	14.4411133609625	0.101087793526738	619.28125
100	12	100	100	15.0530137036616	0.105371095925631	619.28125
101.001	16	101	101	14.4189357450076	0.100932550215053	619.28125
102.001	12	102	102	14.4294138050642	0.101005896635449	619.28125
103	15	103	103	14.0149637768245	0.0981047464377716	619.28125
104.001	14	104	104	12.1999613593951	0.0853997295157658	619.28125
105.001	10	105	105	12.0224567469576	0.0841571972287035	619.28125
106.001	9	106	106	14.4296924888234	0.101007847421764	619.28125
107	15	107	107	7.76391832091735	0.0543474282464214	619.28125
108	16	108	108	10.0251149178923	0.0701758044252461	619.28125
109	10	109	109	13.3193066235358	0.0932351463647506	619.28125
110.001	11	110	110	16.0215794653819	0.112151056257673	619.28125
111	12	111	111	15.5266311668729	0.10868641816811	619.28125
112.001	14	112	112	5.5508472036053	0.0388559304252371	619.28125
113	16	113	113	11.0106638279173	0.0770746467954214	619.28125
114	8	114	114	10.9918187892751	0.076942731524926	619.28125
115	6	115	115	18.0285175089957	0.12619962256297	619.28125
115.999	7	116	116	17.9841056474288	0.125888739532002	619.28125
117.001	16	117	117	9.98212534088958	0.0698748773862271	619.28125
118	8	118	118	11.0901335074632	0.0776309345522425	619.28125
119	10	119	119	12.0119049990446	0.0840833349933119	619.28125
120	11	120	120	19.9760997064845	0.139832697945392	619.28125
121.001	14	121	121	14.0283555150025	0.0981984886050173	619.28125
122	13	122	122	9.99530109789498	0.0699671076852648	619.28125
123.001	9	123	123	14.434342008854	0.101040394061978	619.669270833333
124	6	124	124	5.55097784915595	0.0388568449440917	619.28125
125	6	125	125	16.6536823456645	0.116575776419651	619.28125
126	9	126	126	16.0229416478514	0.11216059153496	619.28125
127.001	8	127	127	27.7441026025744	0.194208718218021	619.28125
128	15	128	128	11.0137396402012	0.0770961774814081	619.28125
129	9	129	129	8.87554106130392	0.0621287874291274	619.28125
130	5	130	130	13.0262987946365	0.0911840915624554	619.28125
131.001	11	131	131	8.87702622284643	0.062139183559925	619.28125
132	13	132	132	14.4292232171973	0.101004562520381	619.28125
133	8	133	133	12.2051770144561	0.085436239101193	619.28125
134	14	134	134	6.99997760007168	0.0489998432005018	619.28125
135	9	135	135	24.0043615925014	0.168030531147509	619.28125
136	11	136	136	17.0125876135753	0.119088113295027	619.28125
137.001	12	137	137	6.99652692403491	0.0489756884682444	619.28125
138	8	138	138	9.99005989040904	0.0699304192328633	619.28125
139	9	139	139	6.01424353295911	0.0420997047307137	619.28125
140.001	7	140	140	15.5369543685199	0.108758680579639	619.28125
141	7	141	141	12.2200294058344	0.0855402058408408	619.28125
142	3	142	142	14.4376523311145	0.101063566317801	619.28125
143	5	143	143	18.0198903549738	0.126139232484817	619.28125
144	8	144	144	18.88473844304	0.13219316910128	619.28125
145.001	10	145	145	19.9509937091192	0.139656955963834	619.28125
145.999	11	146	146	10.0280343728929	0.07019624061025	619.28125
147.001	7	147	147	13.3185985238331	0.0932301896668319	619.28125
148.001	8	148	148	15.5466922135836	0.108826845495085	619.28125
148.999	12	149	149	14.4355761888058	0.101049033321641	619.28125
150	10	150	150	18.0203990917719	0.126142793642403	619.28125
151.001	5	151	151	14.4421080323006	0.101094756226104	619.28125
152.001	11	152	152	12.9788496665833	0.0908519476660834	619.28125
153.001	5	153	153	10.0135232631669	0.0700946628421684	619.28125
154.001	9	154	154	19.0162474818485	0.133113732372939	619.28125
155.001	12	155	155	11.1089164829437	0.0777624153806059	619.28125
156	9	156	156	9.99049681741623	0.0699334777219136	619.28125
157.001	3	157	157	12.0030835921748	0.0840215851452238	619.28125
158.001	11	158	158	17.7752991110684	0.124427093777479	619.28125
159	5	159	159	11.9963974818362	0.0839747823728534	619.28125
160	7	160	160	16.0095448906638	0.112066814234647	619.28125
161	7	161	161	14.4302867297973	0.101012007108581	619.28125
162	7	162	162	14.0081597530562	0.0980571182713931	619.28125
163.001	6	163	163	15.5458221435801	0.108820755005061	619.28125
164.001	5	164	164	9.99652320922783	0.0699756624645948	619.28125
165.001	9	165	165	13.3321008546765	0.0933247059827358	619.28125
166.001	6	166	166	11.0156719965495	0.0771097039758464	619.28125
167	8	167	167	16.6458759675832	0.116521131773082	619.28125
168	2	168	168	13.019418462637	0.0911359292384592	619.28125
169.001	7	169	169	12.2137133352653	0.0854959933468572	619.28125
170	3	170	170	10.0079763571567	0.0700558345000966	619.28125
171	9	171	171	12.2120414503331	0.0854842901523319	619.669270833333
172.001	6	172	172	7.01157330289376	0.0490810131202563	619.28125
173.001	4	173	173	12.2081977159794	0.0854573840118557	619.28125
174.001	4	174	174	13.0192972023133	0.0911350804161929	619.28125
175	4	175	175	14.4212390684235	0.100948673478964	619.28125
176	5	176	176	12.2173257895419	0.0855212805267933	619.28125
177	6	177	177	12.9948007802078	0.0909636054614549	619.28125
178	4	178	178	7.00883533782686	0.0490618473647881	619.28125
179	7	179	179	17.7471836051518	0.124230285236062	619.28125
180.001	4	180	180	15.0316928211441	0.105221849748009	619.28125
181	5	181	181	15.5410264226311	0.108787184958418	619.28125
182	4	182	182	11.1081205582097	0.077756843907468	619.28125
183.001	8	183	183	11.0967962439564	0.0776775737076948	619.28125
183.999	5	184	184	12.2208046088876	0.0855456322622131	619.28125
185	9	185	185	19.0230597530326	0.133161418271228	619.28125
186.001	4	186	186	11.0969366240633	0.0776785563684431	619.28125
187	7	187	187	9.99825530444937	0.0699877871311456	619.28125
188	7	188	188	7.00958490640101	0.0490670943448071	619.28125
189	7	189	189	12.9893033087253	0.0909251231610769	619.28125
189.999	5	190	190	15.9916331775215	0.111941432242651	619.28125
191	7	191	191	14.9936516878754	0.104955561815127	619.28125
192.001	6	192	192	13.3049789448708	0.0931348526140957	619.28125
193.001	8	193	193	18.0055529125182	0.126038870387628	619.28125
194	7	194	194	12.0197183479498	0.0841380284356487	619.669270833333
195	3	195	195	11.0891988541753	0.0776243919792268	619.28125
196.001	4	196	196	19.0428177757688	0.133299724430382	619.28125
196.999	9	197	197	17.7333046201576	0.124133132341103	619.28125
198	3	198	198	15.0231822725648	0.105162275907954	619.28125
199.001	9	199	199	12.2152364642132	0.0855066552494923	619.28125
200	10	200	200	16.6647020834544	0.116652914584181	619.28125
	1	201	201			
	5	202	202			
	7	203	203			
	6	204	204			
	7	205	205			
	6	206	206			
	8	207	207			
	7	208	208			
	3	209	209			
	3	210	210			
	5	211	211			
	2	212	212			
	3	213	213			
	6	214	214			
	2	215	215			
	5	216	216			
	7	217	217			
	3	218	218			
	2	219	219			
	7	220	220			
	6	221	221			
	5	222	222			
	6	223	223			
	1	224	224			
	10	225	225			
	3	226	226			
	4	227	227			
	8	228	228			
	6	229	229			
	5	230	230			
	3	231	231			
	5	232	232			
	2	233	233			
	7	234	234			
	5	235	235			
	6	236	236			
	5	237	237			
	8	238	238			
	5	239	239			
	10	240	240			
	8	241	241			
	11	242	242			
	12	243	243			
	5	244	244			
	8	245	245			
	6	246	246			
	10	247	247			
	7	248	248			
	7	249	249			
	5	250	250			
	12	251	251			
	7	252	252			
	12	253	253			
	8	254	254			
	7	255	255			
	4	256	256			
	7	257	257			
	10	258	258			
	10	259	259			
	8	260	260			
	6	261	261			
	6	262	262			
	8	263	263			
	9	264	264			
	10	265	265			
	5	266	266			
	6	267	267			
	2	268	268			
	5	269	269			
	2	270	270			
	4	271	271			
	1	272	272			
	4	273	273			
	6	274	274			
	3	275	275			
	6	276	276			
	5	277	277			
	3	278	278			
	4	279	279			
	1	280	280			
	4	281	281			
	5	282	282			
	1	283	283			
	0	284	284			
	6	285	285			
	3	286	286			
	4	287	287			
	3	288	288			
	4	289	289			
	4	290	290			
	4	291	291			
	1	292	292			
	0	293	293			
	2	294	294			
	1	295	295			
	1	296	296			
	3	297	297			
	4	298	298			
	2	299	299			
	4	300	300			
	5	301	301			
	4	302	302			
	1	303	303			
	3	304	304			
	1	305	305			
	2	306	306			
	2	307	307			
	1	308	308			
	2	309	309			
	1	310	310			
	1	311	311			
	1	312	312			
	3	313	313			
	5	314	314			
	1	315	315			
	4	316	316			
	0	317	317			
	3	318	318			
	2	319	319			
	2	320	320			
	2	321	321			
	1	322	322			
	2	323	323			
	1	324	324			
	1	325	325			
	1	326	326			
	2	327	327			
	1	328	328			
	2	329	329			
	2	330	330			
	1	331	331			
	2	332	332			
	4	333	333			
	1	334	334			
	3	335	335			
	3	336	336			
	3	337	337			
	2	338	338			
	3	339	339			
	2	340	340			
	1	341	341			
	1	342	342			
	2	343	343			
	0	344	344			
	5	345	345			
	2	346	346			
	2	347	347			
	0	348	348			
	3	349	349			
	4	350	350			
	0	351	351			
	1	352	352			
	1	353	353			
	3	354	354			
	2	355	355			
	4	356	356			
	1	357	357			
	0	358	358			
	4	359	359			
	3	360	360			
	1	361	361			
	1	362	362			
	2	363	363			
	0	364	364			
	2	365	365			
	5	366	366			
	0	367	367			
	0	368	368			
	2	369	369			
	1	370	370			
	1	371	371			
	2	372	372			
	2	373	373			
	1	374	374			
	0	375	375			
	4	376	376			
	0	377	377			
	1	378	378			
	2	379	379			
	1	380	380			
	0	381	381			
	0	382	382			
	2	383	383			
	2	384	384			
	2	385	385			
	0	386	386			
	2	387	387			
	1	388	388			
	1	389	389			
	1	390	390			
	1	391	391			
	2	392	392			
	1	393	393			
	0	394	394			
	4	395	395			
	1	396	396			
	1	397	397			
	2	398	398			
	1	399	399			
	1	400	400			
	2	401	401			
	0	402	402			
	3	403	403			
	4	404	404			
	1	405	405			
	1	406	406			
	0	407	407			
	3	408	408			
	2	409	409			
	1	410	410			
	2	411	411			
	0	412	412			
	1	413	413			
	0	414	414			
	4	415	415			
	3	416	416			
	1	417	417			
	0	418	418			
	1	419	419			
	1	420	420			
	2	421	421			
	5	422	422			
	0	423	423			
	2	424	424			
	0	425	425			
	1	426	426			
	1	427	427			
	0	428	428			
	0	429	429			
	1	430	430			
	1	431	431			
	0	432	432			
	0	433	433			
	0	434	434			
	2	435	435			
	2	436	436			
	2	437	437			
	1	438	438			
	1	439	439			
	2	440	440			
	0	441	441			
	1	442	442			
	1	443	443			
	1	444	444			
	1	445	445			
	2	446	446			
	3	447	447			
	1	448	448			
	1	449	449			
	2	450	450			
	2	451	451			
	3	452	452			
	1	453	453			
	1	454	454			
	0	455	455			
	1	456	456			
	1	457	457			
	1	458	458			
	2	459	459			
	1	460	460			
	1	461	461			
	0	462	462			
	2	463	463			
	0	464	464			
	1	465	465			
	0	466	466			
	0	467	467			
	1	468	468			
	1	469	469			
	1	470	470			
	2	471	471			
	2	472	472			
	1	473	473			
	1	474	474			
	0	475	475			
	0	476	476			
	0	477	477			
	0	478	478			
	0	479	479			
	2	480	480			
	1	481	481			
	2	482	482			
	3	483	483			
	1	484	484			
	4	485	485			
	1	486	486			
	0	487	487			
	1	488	488			
	1	489	489			
	0	490	490			
	2	491	491			
	1	492	492			
	0	493	493			
	2	494	494			
	0	495	495			
	0	496	496			
	3	497	497			
	0	498	498			
	0	499	499			
	1	500	500			
	0	501	501			
	0	502	502			
	3	503	503			
	1	504	504			
	1	505	505			
	2	506	506			
	1	507	507			
	1	508	508			
	0	509	509			
	1	510	510			
	20	511	511			
