MIN=0	0	0	0	0	0	0
MAX=200	46.4158883361278	511	511	1000	100	2000
SCALE=200	5	100	500	500	50	500
DEC=0	0	0	1	0	0	0
DEF="Time" t / s	"Events" N	"Channel" n	"Energy" E / keV	"Rate" R / 1/s	"Dead time" t / %	"Voltage" U / V
0	0	0	0			619.28125
1.001	0	1	1	11.6818794827221	0.0817731563790549	619.28125
2	0	2	2	9.99268424483453	0.0699487897138417	619.28125
3.001	0	3	3	8.87593003104357	0.062131510217305	619.28125
4.001	2	4	4	16.0337639000207	0.112236347300145	619.28125
5	3	5	5	11.0862249995926	0.0776035749971481	619.28125
6.001	4	6	6	14.0000910005915	0.0980006370041405	619.28125
7	3	7	7	13.0151965434842	0.0911063758043892	619.28125
8	2	8	8	23.3232395535488	0.163262676874841	619.28125
9	2	9	9	11.0869526413057	0.0776086684891399	619.28125
10.001	4	10	10	15.0111728159269	0.105078209711488	619.28125
11	2	11	11	12.0156383533168	0.0841094684732179	619.28125
12.002	3	12	12	16.6573866514811	0.116601706560367	619.28125
13	3	13	13	16.0120234283924	0.112084163998747	619.28125
14	4	14	14	16.6489983796085	0.116542988657259	619.28125
15	1	15	15	17.7620189198805	0.124334132439164	619.28125
16.001	0	16	16	16.6196331049796	0.116337431734857	619.28125
17	4	17	17	22.0527811263478	0.154369467884435	619.28125
18.001	0	18	18	13.3152024659755	0.0932064172618285	619.28125
19.001	5	19	19	18.0101577289591	0.126071104102714	619.28125
20	5	20	20	13.332225277277	0.0933255769409387	619.28125
21.001	3	21	21	9.9862210122473	0.0699035470857311	619.28125
22	6	22	22	11.0147796313093	0.077103457419165	619.28125
23.001	3	23	23	18.0141392979349	0.126098975085545	619.28125
24	6	24	24	9.98669439416884	0.0699068607591818	619.28125
25.001	0	25	25	9.99340213383564	0.0699538149368495	619.28125
26	3	26	26	15.5526869488517	0.108868808641962	619.28125
27	5	27	27	10.0058384067103	0.0700408688469722	619.28125
28.001	4	28	28	14.9979242872786	0.10498547001095	619.28125
29.001	14	29	29	12.0017282488678	0.0840120977420749	619.28125
30	5	30	30	8.00536920112319	0.0560375844078623	619.28125
31	12	31	31	14.9865780207246	0.104906046145072	619.28125
32	5	32	32	18.0227519220264	0.126159263454185	619.28125
33	10	33	33	17.7522461029382	0.124265722720567	619.28125
34.001	4	34	34	9.01766018570769	0.0631236212999538	619.28125
35.001	4	35	35	15.5435041586645	0.108804529110652	619.28125
36	8	36	36	19.9969226957851	0.139978458870496	619.28125
37.001	10	37	37	18.0070317458968	0.126049222221277	619.28125
38.001	8	38	38	11.0950319442612	0.0776652236098286	619.28125
39	8	39	39	12.02044557588	0.0841431190311601	619.28125
40.001	13	40	40	13.3148493635613	0.0932039455449291	619.28125
41.001	13	41	41	12.2149733141699	0.0855048131991892	619.28125
42.001	12	42	42	15.0028925576851	0.105020247903796	619.28125
43	12	43	43	14.442520379785	0.101097642658495	619.28125
44	10	44	44	16.0115138796308	0.112080597157416	619.28125
45	5	45	45	13.0191915903233	0.0911343411322631	619.28125
46	7	46	46	14.4075211693587	0.100852648185511	619.28125
47	8	47	47	12.0280301213949	0.0841962108497643	619.28125
48	5	48	48	9.99452633107935	0.0699616843175554	619.28125
49	24	49	49	17.7490164826242	0.124243115378369	619.28125
50.001	14	50	50	14.0093007747844	0.0980651054234907	619.28125
51.001	14	51	51	12.9920969074512	0.0909446783521584	619.28125
52	11	52	52	12.0160678859771	0.0841124752018399	619.28125
53	14	53	53	16.6541556948164	0.116579089863715	619.28125
54	13	54	54	15.5494204453332	0.108845943117332	619.28125
55	14	55	55	14.4430803757423	0.101101562630196	619.28125
56	28	56	56	10.9895467431379	0.0769268272019655	619.28125
57	25	57	57	17.0280025501938	0.119196017851357	619.28125
58	23	58	58	21.9938769046697	0.153957138332688	619.28125
59	26	59	59	17.7628786698801	0.124340150689161	619.28125
60.001	29	60	60	14.4355120703645	0.101048584492551	619.28125
61	27	61	61	16.0054994896246	0.112038496427372	619.28125
62.001	23	62	62	14.4359384687001	0.1010515692809	619.28125
63	20	63	63	13.0226072461794	0.0911582507232556	619.28125
64.001	23	64	64	12.2108823827827	0.0854761766794792	619.28125
65.001	23	65	65	7.77087120014112	0.0543960984009878	619.28125
66.001	14	66	66	9.99241908472106	0.0699469335930474	619.28125
67.001	17	67	67	10.0086084040884	0.0700602588286185	619.28125
68.001	16	68	68	18.8700670453482	0.132090469317437	619.28125
69	23	69	69	18.0269322367617	0.126188525657332	619.28125
70	21	70	70	13.3247166832115	0.0932730167824806	619.28125
71	16	71	71	7.99869461303915	0.055990862291274	619.28125
72	19	72	72	16.6441656041216	0.116509159228851	619.28125
73	17	73	73	12.9968183788609	0.090977728652026	619.28125
74	13	74	74	15.0283238820204	0.105198267174143	619.28125
75	8	75	75	16.6439144356332	0.116507401049432	619.28125
76	15	76	76	11.0061524392135	0.0770430670744946	619.28125
77.001	20	77	77	21.073929674522	0.147517507721654	619.28125
78	12	78	78	13.3195224684805	0.0932366572793632	619.28125
79.001	17	79	79	19.0056142584519	0.133039299809164	619.28125
80.001	11	80	80	13.3284403148	0.0932990822035999	619.28125
81.001	17	81	81	8.0204224015611	0.0561429568109277	619.28125
82.001	23	82	82	9.99371173449417	0.0699559821414592	619.28125
83	11	83	83	22.9844280499961	0.160890996349973	619.28125
84.001	14	84	84	12.9908804019578	0.0909361628137048	619.28125
85.001	14	85	85	16.021188021158	0.112148316148106	619.28125
86.001	11	86	86	14.4443465438734	0.101110425807114	619.28125
87	13	87	87	13.3261594175136	0.093283115922595	619.28125
88.001	19	88	88	13.0123995154983	0.0910867966084882	619.28125
89.001	13	89	89	15.5213723199163	0.108649606239414	619.28125
90	11	90	90	18.0124285757172	0.126087000030021	619.28125
91	16	91	91	14.0232449307973	0.098162714515581	619.28125
92.001	10	92	92	15.5263952601021	0.108684766820714	619.28125
93.001	17	93	93	14.0181226289347	0.0981268584025428	619.28125
94	9	94	94	15.5394463295273	0.108776124306691	619.28125
95	14	95	95	8.00292747086884	0.0560204922960819	619.28125
96.001	13	96	96	12.992028091563	0.0909441966409411	619.28125
97	16	97	97	13.0037801989038	0.0910264613923268	619.28125
98	15	98	98	12.2198841510547	0.0855391890573826	619.28125
99	19	99	99	15.538984092298	0.108772888646086	619.28125
100.001	14	100	100	16.0270071096805	0.112189049767764	620.057291666667
101	11	101	101	19.989214708153	0.139924502957071	619.28125
102.001	14	102	102	16.6614386774639	0.116630070742247	619.28125
103	13	103	103	4.44177641740972	0.031092434921868	619.28125
104	12	104	104	11.0948140620111	0.0776636984340779	619.28125
105	12	105	105	13.0144668813853	0.0911012681696974	619.28125
106.001	13	106	106	19.0114334760925	0.133080034332648	619.28125
107.001	22	107	107	11.0980597927948	0.0776864185495635	619.28125
108	9	108	108	14.9967277140128	0.10497709399809	619.28125
109	18	109	109	13.0397817662124	0.0912784723634865	619.28125
110.001	15	110	110	9.9855221024539	0.0698986547171773	619.28125
111.001	9	111	111	16.6476919972769	0.116533843980938	619.28125
112.001	11	112	112	9.99733571003328	0.0699813499702329	619.28125
113	12	113	113	20.0072746450609	0.140050922515427	619.28125
114.001	18	114	114	18.004448899323	0.126031142295261	619.28125
115	9	115	115	14.9929682978683	0.104950778085078	619.28125
116.001	8	116	116	18.8843985985555	0.132190790189888	619.28125
117	13	117	117	15.0362147231607	0.105253503062125	619.28125
118.001	10	118	118	22.2043945605451	0.155430761923815	619.28125
119	6	119	119	14.9875932702909	0.104913152892036	619.28125
120	10	120	120	18.9952094081873	0.132966465857311	619.28125
121	12	121	121	14.0069306292754	0.0980485144049275	619.28125
122.001	13	122	122	9.99327563586102	0.0699529294510272	619.28125
123.001	9	123	123	11.0078783385269	0.0770551483696882	619.28125
124.001	10	124	124	12.0157743085122	0.0841104201595855	619.28125
125	7	125	125	15.5391996845986	0.108774397792191	619.28125
126	11	126	126	16.0006032227415	0.11200422255919	619.28125
127	8	127	127	14.9869089350452	0.104908362545317	619.28125
128.001	11	128	128	15.536790565173	0.108757533956211	619.28125
129	10	129	129	14.0238321002712	0.0981668247018984	619.28125
130	10	130	130	14.0029280122474	0.0980204960857315	619.28125
131	9	131	131	11.1065771595018	0.0777460401165124	619.28125
132	17	132	132	19.9841104117659	0.139888772882362	619.28125
133.001	10	133	133	16.9991857390031	0.118994300173022	619.28125
134	11	134	134	16.0249652934306	0.112174757054014	619.28125
135	18	135	135	15.5484326458002	0.108839028520601	619.28125
136	9	136	136	11.0994640734767	0.0776962485143367	619.28125
137	12	137	137	13.0141411657907	0.0910989881605352	619.28125
138	11	138	138	12.2193941113407	0.0855357587793847	619.28125
139.001	5	139	139	6.65814719743049	0.0466070303820134	619.28125
140	8	140	140	9.01506868731084	0.0631054808111759	619.28125
141	7	141	141	15.0085443643066	0.105059810550146	619.28125
142.001	10	142	142	15.5352837364222	0.108746986154955	619.28125
143	13	143	143	15.5353802750384	0.108747661925269	619.28125
144.001	11	144	144	10.0045740912745	0.0700320186389217	619.28125
145.001	5	145	145	12.0006876394017	0.0840048134758122	619.28125
146	6	146	146	12.0159006413187	0.0841113044892306	619.28125
147.001	3	147	147	17.7387249892293	0.124171074924605	619.28125
148	5	148	148	17.0447937178906	0.119313556025234	619.28125
149	7	149	149	15.5159106797786	0.108611374758451	619.28125
150.001	7	150	150	7.011691996404	0.049081843974828	619.28125
151.001	9	151	151	7.76896604384716	0.0543827623069301	619.28125
152.001	10	152	152	11.1029726321717	0.0777208084252021	619.28125
153	12	153	153	13.0122236829277	0.0910855657804942	619.28125
154	5	154	154	8.00980400009612	0.0560686280006728	619.28125
155.001	5	155	155	6.66505076213745	0.0466553553349621	619.28125
156.001	15	156	156	12.210466256654	0.0854732637965781	619.28125
157.001	8	157	157	14.4252492461143	0.1009767447228	619.28125
158.001	5	158	158	10.0148720850463	0.070104104595324	619.28125
159	8	159	159	14.4208871241667	0.100946209869167	619.28125
160.001	14	160	160	11.0125046990858	0.0770875328936007	619.28125
161.001	8	161	161	17.0130660347147	0.119091462243003	619.28125
162.001	9	162	162	12.2047436731996	0.085433205712397	619.28125
163	3	163	163	17.7743275833013	0.124420293083109	619.28125
164.001	9	164	164	11.020781888407	0.0771454732188488	619.28125
165.001	10	165	165	13.3165116199326	0.0932155813395279	619.28125
166	4	166	166	4.44057768807317	0.0310840438165122	619.28125
167	11	167	167	14.4411582786495	0.101088107950546	619.28125
168	10	168	168	15.0233387567586	0.10516337129731	619.28125
169	6	169	169	14.4296124061812	0.101007286843268	619.28125
170.001	6	170	170	10.9889560991204	0.0769226926938427	619.28125
171	8	171	171	18.0189000242354	0.126132300169648	619.28125
172	5	172	172	12.0202902499419	0.0841420317495933	619.28125
173.001	4	173	173	15.5394584032563	0.108776208822794	619.28125
174	0	174	174	22.199105553639	0.155393738875473	619.28125
175	4	175	175	8.87087116390265	0.0620960981473186	619.28125
176	6	176	176	25.0149314125602	0.175104519887921	619.28125
177	5	177	177	8.87167881772459	0.0621017517240722	619.28125
178.001	7	178	178	19.0544958581543	0.13338147100708	619.28125
179	4	179	179	13.3048638812638	0.0931340471688469	619.28125
180	4	180	180	10.999599614574	0.0769971973020182	619.28125
181.001	8	181	181	16.0275593883683	0.112192915718578	619.28125
182.001	5	182	182	13.3025025665516	0.0931175179658611	619.28125
183	7	183	183	12.0219761724432	0.0841538332071026	619.28125
184	3	184	184	14.424652218861	0.100972565532027	619.28125
184.999	8	185	185	18.8725745966265	0.132108022176385	619.28125
186.001	5	186	186	12.0164408944318	0.0841150862610223	619.28125
187	4	187	187	21.999824001408	0.153998768009856	619.28125
188	5	188	188	13.3096879332927	0.0931678155330491	619.28125
189	7	189	189	18.040236944481	0.126281658611367	619.28125
190	6	190	190	11.0977605052233	0.0776843235365633	619.28125
191	6	191	191	16.0100062539087	0.112070043777361	619.28125
192.001	9	192	192	8.88345418902614	0.0621841793231829	619.28125
193.001	6	193	193	12.2197741941253	0.0855384193588773	619.28125
194	3	194	194	16.984564427848	0.118891950994936	619.28125
194.999	8	195	195	12.005635445278	0.0840394481169461	619.28125
196	8	196	196	15.9877661613333	0.111914363129333	619.28125
197	6	197	197	19.0554819412201	0.13338837358854	619.28125
198.001	5	198	198	13.3280480218456	0.0932963361529189	619.28125
199.001	7	199	199	16.0033879172221	0.112023715420555	619.28125
199.999	6	200	200	19.0154576655363	0.133108203658754	619.28125
	4	201	201			
	8	202	202			
	2	203	203			
	4	204	204			
	7	205	205			
	4	206	206			
	5	207	207			
	7	208	208			
	7	209	209			
	6	210	210			
	8	211	211			
	8	212	212			
	6	213	213			
	1	214	214			
	2	215	215			
	4	216	216			
	10	217	217			
	3	218	218			
	6	219	219			
	2	220	220			
	5	221	221			
	6	222	222			
	5	223	223			
	7	224	224			
	3	225	225			
	8	226	226			
	4	227	227			
	7	228	228			
	5	229	229			
	3	230	230			
	6	231	231			
	4	232	232			
	4	233	233			
	6	234	234			
	3	235	235			
	7	236	236			
	8	237	237			
	10	238	238			
	6	239	239			
	11	240	240			
	5	241	241			
	4	242	242			
	8	243	243			
	10	244	244			
	4	245	245			
	6	246	246			
	11	247	247			
	9	248	248			
	13	249	249			
	7	250	250			
	6	251	251			
	15	252	252			
	9	253	253			
	12	254	254			
	8	255	255			
	11	256	256			
	12	257	257			
	11	258	258			
	5	259	259			
	6	260	260			
	2	261	261			
	2	262	262			
	4	263	263			
	4	264	264			
	5	265	265			
	5	266	266			
	4	267	267			
	6	268	268			
	6	269	269			
	3	270	270			
	4	271	271			
	5	272	272			
	2	273	273			
	2	274	274			
	4	275	275			
	1	276	276			
	1	277	277			
	2	278	278			
	3	279	279			
	4	280	280			
	2	281	281			
	1	282	282			
	3	283	283			
	5	284	284			
	2	285	285			
	2	286	286			
	1	287	287			
	2	288	288			
	1	289	289			
	6	290	290			
	3	291	291			
	2	292	292			
	5	293	293			
	2	294	294			
	0	295	295			
	2	296	296			
	3	297	297			
	2	298	298			
	2	299	299			
	1	300	300			
	2	301	301			
	4	302	302			
	2	303	303			
	3	304	304			
	0	305	305			
	1	306	306			
	2	307	307			
	2	308	308			
	5	309	309			
	4	310	310			
	2	311	311			
	1	312	312			
	3	313	313			
	5	314	314			
	2	315	315			
	4	316	316			
	1	317	317			
	1	318	318			
	0	319	319			
	2	320	320			
	2	321	321			
	1	322	322			
	2	323	323			
	2	324	324			
	3	325	325			
	2	326	326			
	3	327	327			
	4	328	328			
	0	329	329			
	3	330	330			
	0	331	331			
	2	332	332			
	0	333	333			
	1	334	334			
	1	335	335			
	3	336	336			
	2	337	337			
	2	338	338			
	2	339	339			
	1	340	340			
	1	341	341			
	2	342	342			
	2	343	343			
	3	344	344			
	3	345	345			
	5	346	346			
	2	347	347			
	2	348	348			
	3	349	349			
	4	350	350			
	1	351	351			
	1	352	352			
	1	353	353			
	2	354	354			
	3	355	355			
	0	356	356			
	1	357	357			
	2	358	358			
	2	359	359			
	2	360	360			
	0	361	361			
	1	362	362			
	2	363	363			
	0	364	364			
	2	365	365			
	1	366	366			
	0	367	367			
	2	368	368			
	2	369	369			
	2	370	370			
	1	371	371			
	2	372	372			
	2	373	373			
	1	374	374			
	3	375	375			
	3	376	376			
	1	377	377			
	1	378	378			
	2	379	379			
	1	380	380			
	2	381	381			
	1	382	382			
	1	383	383			
	0	384	384			
	2	385	385			
	0	386	386			
	4	387	387			
	2	388	388			
	1	389	389			
	2	390	390			
	0	391	391			
	1	392	392			
	3	393	393			
	1	394	394			
	1	395	395			
	1	396	396			
	0	397	397			
	1	398	398			
	3	399	399			
	2	400	400			
	0	401	401			
	4	402	402			
	1	403	403			
	0	404	404			
	1	405	405			
	3	406	406			
	2	407	407			
	1	408	408			
	0	409	409			
	2	410	410			
	1	411	411			
	0	412	412			
	0	413	413			
	1	414	414			
	1	415	415			
	1	416	416			
	1	417	417			
	0	418	418			
	1	419	419			
	1	420	420			
	1	421	421			
	2	422	422			
	2	423	423			
	1	424	424			
	1	425	425			
	0	426	426			
	2	427	427			
	0	428	428			
	1	429	429			
	1	430	430			
	1	431	431			
	1	432	432			
	0	433	433			
	5	434	434			
	1	435	435			
	2	436	436			
	1	437	437			
	1	438	438			
	2	439	439			
	2	440	440			
	0	441	441			
	1	442	442			
	2	443	443			
	1	444	444			
	0	445	445			
	4	446	446			
	2	447	447			
	0	448	448			
	1	449	449			
	1	450	450			
	1	451	451			
	2	452	452			
	1	453	453			
	0	454	454			
	1	455	455			
	1	456	456			
	3	457	457			
	1	458	458			
	0	459	459			
	2	460	460			
	1	461	461			
	1	462	462			
	1	463	463			
	1	464	464			
	2	465	465			
	1	466	466			
	1	467	467			
	0	468	468			
	0	469	469			
	2	470	470			
	0	471	471			
	0	472	472			
	1	473	473			
	1	474	474			
	3	475	475			
	2	476	476			
	0	477	477			
	2	478	478			
	1	479	479			
	1	480	480			
	1	481	481			
	4	482	482			
	0	483	483			
	0	484	484			
	0	485	485			
	0	486	486			
	2	487	487			
	2	488	488			
	0	489	489			
	1	490	490			
	1	491	491			
	0	492	492			
	0	493	493			
	1	494	494			
	1	495	495			
	1	496	496			
	2	497	497			
	1	498	498			
	1	499	499			
	0	500	500			
	0	501	501			
	2	502	502			
	2	503	503			
	2	504	504			
	3	505	505			
	1	506	506			
	3	507	507			
	0	508	508			
	1	509	509			
	2	510	510			
	14	511	511			
