MIN=0	0	0	0	0	0	0
MAX=200	46.4158883361278	511	824.634374726391	1000	100	2000
SCALE=200	5	100	500	500	50	500
DEC=0	0	0	1	0	0	0
DEF="Time" t / s	"Events" N	"Channel" n	"Energy" E / keV	"Rate" R / 1/s	"Dead time" t / %	"Voltage" U / V
0	0	0	-24.9262917846498			619.28125
1	0	1	-23.2637464490117	6.35458925788459	0.0444821248051921	619.28125
2.001	0	2	-21.6012011133737	13.3317187140669	0.0933220309984679	619.28125
3	0	3	-19.9386557777357	14.4266243574465	0.100986370502125	619.28125
4.001	3	4	-18.2761104420976	12.0195558173148	0.0841368907212034	619.28125
5	1	5	-16.6135651064596	7.76640517180453	0.0543648362026317	619.28125
6.001	0	6	-14.9510197708215	15.030106806945	0.105210747648615	619.28125
7.001	3	7	-13.2884744351835	13.3243823093953	0.0932706761657669	619.28125
8	1	8	-11.6259290995454	9.98366672124405	0.0698856670487083	619.28125
9	1	9	-9.96338376390739	12.0055669814093	0.084038968869865	619.28125
10	5	10	-8.30083842826934	14.0042923155947	0.0980300462091631	619.28125
11.001	5	11	-6.63829309263129	6.99588711796335	0.0489712098257434	619.28125
12.001	1	12	-4.97574775699325	14.442122472087	0.101094857304609	619.28125
13	1	13	-3.3132024213552	16.9913276263795	0.118939293384656	619.28125
14	4	14	-1.65065708571716	17.046478929449	0.119325352506143	619.28125
15	1	15	0.0118882499208794	13.3195934327301	0.0932371540291104	619.28125
16.001	5	16	1.67443358555892	19.9762172036292	0.139833520425405	619.669270833333
17	1	17	3.33697892119698	12.9866172908817	0.0909063210361722	619.28125
18	2	18	4.99952425683502	9.98934913396783	0.0699254439377748	619.28125
19.001	1	19	6.66206959247306	10.9993136428287	0.0769951954998008	619.669270833333
19.999	6	20	8.3246149281111	4.44269155580948	0.0310988408906664	619.28125
21	4	21	9.98716026374915	12.214529782799	0.0855017084795931	619.28125
22.001	5	22	11.6497055993872	14.01215133764	0.09808505936348	619.28125
23	2	23	13.3122509350252	13.005878657153	0.0910411506000712	619.28125
24.001	0	24	14.9747962706633	11.0147873520201	0.0771035114641406	619.28125
25	5	25	16.6373416063013	12.1926239502151	0.0853483676515055	619.28125
26.001	5	26	18.2998869419394	13.0377573452719	0.0912643014169033	619.28125
27.001	3	27	19.9624322775774	12.203751166845	0.0854262581679152	619.28125
28	6	28	21.6249776132155	14.4408984016147	0.101086288811303	619.669270833333
29	3	29	23.2875229488535	17.9959653045787	0.125971757132051	619.28125
30.001	3	30	24.9500682844916	14.4287011283244	0.101000907898271	619.28125
31	3	31	26.6126136201296	14.031915592014	0.0982234091440983	619.28125
31.999	2	32	28.2751589557676	13.3196200445186	0.0932373403116303	619.669270833333
33	4	33	29.9377042914057	14.9824196288076	0.104876937401653	619.28125
34	6	34	31.6002496270437	15.0171375573805	0.105119962901663	619.669270833333
35.001	5	35	33.2627949626818	12.2199859647907	0.0855399017535347	619.28125
36.002	8	36	34.9253402983198	9.99448803984602	0.0699614162789222	619.28125
37.001	3	37	36.5878856339579	19.9921790595519	0.139945253416863	619.28125
38.001	7	38	38.2504309695959	18.0092963988011	0.126065074791607	619.28125
39	9	39	39.912976305234	14.9931691121525	0.104952183785068	619.28125
40	8	40	41.575521640872	13.0021258475761	0.0910148809330325	619.28125
41.001	5	41	43.23806697651	17.0289219209906	0.119202453446934	619.28125
42.001	6	42	44.9006123121481	15.5472792205838	0.108830954544087	619.28125
43	9	43	46.5631576477861	9.99803338683281	0.0699862337078297	619.28125
44.001	7	44	48.2257029834242	21.9841604124229	0.15388912288696	619.28125
45.001	5	45	49.8882483190622	13.0329211588472	0.0912304481119307	619.28125
46.001	10	46	51.5507936547003	14.419361164623	0.100935528152361	619.28125
47.001	3	47	53.2133389903383	8.00291786385316	0.0560204250469721	619.669270833333
48.001	9	48	54.8758843259764	5.00590697022487	0.035041348791574	619.28125
49.001	7	49	56.5384296616144	12.2136984178042	0.0854958889246294	619.28125
50.001	7	50	58.2009749972525	11.0939487723603	0.0776576414065219	619.28125
51.001	9	51	59.8635203328905	8.99542043145835	0.0629679430202084	619.28125
52	11	52	61.5260656685285	10.9950544245199	0.0769653809716389	619.28125
53.001	13	53	63.1886110041666	11.018387485035	0.0771287123952452	619.28125
54	13	54	64.8511563398046	14.4343436115483	0.101040405280838	619.28125
55	13	55	66.5137016754427	12.0065399623175	0.0840457797362223	619.28125
56	17	56	68.1762470110807	8.88700385662641	0.0622090269963849	619.28125
57	15	57	69.8387923467188	8.00907829024199	0.0560635480316939	619.28125
58	30	58	71.5013376823568	8.88758537636702	0.0622130976345691	619.669270833333
59.001	26	59	73.1638830179949	11.1089374623476	0.0777625622364335	619.669270833333
60.001	21	60	74.8264283536329	12.2036712859042	0.0854256990013292	619.28125
61.001	24	61	76.4889736892709	17.0363794847517	0.119254656393262	619.669270833333
62	27	62	78.151519024909	13.3172933932907	0.0932210537530352	620.057291666667
63.001	16	63	79.814064360547	16.6651057017659	0.116655739912362	619.669270833333
64.001	13	64	81.4766096961851	18.8886244481466	0.132220371137026	619.669270833333
65.001	19	65	83.1391550318231	12.2081557139163	0.0854570899974141	619.28125
66.001	17	66	84.8017003674612	10.014457872831	0.070101205109817	619.28125
67.001	19	67	86.4642457030992	12.2136658707428	0.0854956610951994	619.28125
68	23	68	88.1267910387373	14.980478937896	0.104863352565272	619.28125
69	13	69	89.7893363743753	18.0067165052565	0.126047015536795	619.28125
70.001	15	70	91.4518817100133	16.0401645720885	0.11228115200462	619.28125
71	15	71	93.1144270456514	12.1925725951314	0.0853480081659201	619.28125
72.001	10	72	94.7769723812894	15.5546274627836	0.108882392239485	619.28125
73.001	7	73	96.4395177169275	11.0104235679918	0.0770729649759427	619.28125
74.001	11	74	98.1020630525655	12.9870233662524	0.0909091635637671	619.28125
75	9	75	99.7646083882036	15.0186531672337	0.105130572170636	619.28125
76	20	76	101.427153723842	14.9999115005221	0.104999380503655	619.669270833333
77.001	10	77	103.08969905948	8.88872592891352	0.0622210815023947	619.28125
78.001	19	78	104.752244395118	19.9692517898551	0.139784762528986	619.28125
79.001	17	79	106.414789730756	12.2214115352571	0.0855498807467994	620.057291666667
80.001	14	80	108.077335066394	11.0084566964342	0.0770591968750394	619.28125
81	12	81	109.739880402032	12.2212295867969	0.0855486071075783	619.28125
82.001	11	82	111.40242573767	11.0971139513804	0.0776797976596631	619.28125
83	5	83	113.064971073308	18.0175328612273	0.126122730028591	619.28125
84.001	14	84	114.727516408946	12.2089226358309	0.0854624584508165	619.28125
85.001	15	85	116.390061744584	8.00668237711194	0.0560467766397836	619.669270833333
86	9	86	118.052607080222	18.8542076214253	0.131979453349977	619.28125
87	16	87	119.71515241586	9.99539323431823	0.0699677526402276	619.28125
88.001	14	88	121.377697751498	16.0409107387481	0.112286375171237	619.28125
89	10	89	123.040243087136	13.323204737021	0.0932624331591472	619.28125
90.001	19	90	124.702788422774	3.3272666172013	0.0232908663204091	619.28125
91	11	91	126.365333758412	21.0358535087203	0.147250974561042	619.28125
92.001	10	92	128.02787909405	8.99814908073409	0.0629870435651386	619.28125
93.001	10	93	129.690424429688	10.0084050585682	0.0700588354099773	620.057291666667
94.001	10	94	131.352969765326	9.97919116881498	0.0698543381817049	619.28125
95	9	95	133.015515100964	10.0051236238078	0.0700358653666543	619.28125
96	15	96	134.678060436603	13.0031389577444	0.0910219727042108	619.28125
97	16	97	136.340605772241	12.219869218516	0.0855390845296122	619.28125
98.001	13	98	138.003151107879	11.020079687198	0.0771405578103863	619.28125
99	19	99	139.665696443517	12.2063160361698	0.0854442122531883	619.669270833333
100	15	100	141.328241779155	9.99117889916303	0.0699382522941412	619.28125
101.001	14	101	142.990787114793	15.5398257985528	0.10877878058987	620.057291666667
102	17	102	144.653332450431	12.0176768008063	0.0841237376056441	620.057291666667
103	14	103	146.315877786069	16.028789308477	0.112201525159339	619.28125
104.001	14	104	147.978423121707	9.97952644707569	0.0698566851295298	619.28125
105	10	105	149.640968457345	17.7709320198541	0.124396524138979	619.669270833333
106	11	106	151.303513792983	15.9883924270979	0.111918746989685	620.4453125
107	12	107	152.966059128621	6.00755028920347	0.0420528520244243	619.669270833333
108	10	108	154.628604464259	13.9890885109614	0.0979236195767301	620.057291666667
109.001	16	109	156.291149799897	14.0040135502835	0.0980280948519846	619.28125
110.001	12	110	157.953695135535	14.0046061149512	0.0980322428046585	619.28125
111	13	111	159.616240471173	8.88295014322092	0.0621806510025464	619.28125
112.001	8	112	161.278785806811	10.9978631151967	0.076985041806377	619.28125
113	15	113	162.941331142449	7.76977577204099	0.054388430404287	619.28125
114	10	114	164.603876478087	11.0065808346811	0.0770460658427674	619.28125
115	10	115	166.266421813725	7.99948323338312	0.0559963826336819	619.669270833333
116.001	10	116	167.928967149363	10.0101863656457	0.0700713045595198	619.28125
117	13	117	169.591512485001	9.98042727318093	0.0698629909122665	619.28125
118	10	118	171.254057820639	15.0406066297791	0.105284246408454	619.28125
119.001	11	119	172.916603156278	8.88258718675695	0.0621781103072987	619.28125
120	9	120	174.579148491916	15.5445258508796	0.108811680956157	619.28125
121.001	10	121	176.241693827554	12.2039718603036	0.085427803022125	619.28125
122	8	122	177.904239163192	13.0073361375816	0.0910513529630712	619.669270833333
123	8	123	179.56678449883	14.0092082525844	0.098064457768091	619.669270833333
124	8	124	181.229329834468	13.0152356348341	0.0911066494438389	619.28125
125	14	125	182.891875170106	7.76118006303631	0.0543282604412541	619.28125
126	8	126	184.554420505744	10.00126015878	0.07000882111146	619.28125
127.001	14	127	186.216965841382	11.1041475767863	0.077729033037504	619.28125
128	12	128	187.87951117702	10.0007370543209	0.0700051593802463	619.669270833333
129.001	6	129	189.542056512658	18.876776290769	0.132137434035383	619.28125
130	6	130	191.204601848296	14.0042614967735	0.0980298304774143	619.28125
131	8	131	192.867147183934	15.9973364434822	0.111981355104375	619.28125
132.001	8	132	194.529692519572	9.99626639450165	0.0699738647615116	619.28125
133	5	133	196.19223785521	11.0267531083916	0.0771872717587411	619.28125
134.001	9	134	197.854783190848	15.5293316907737	0.108705321835416	619.28125
135.001	9	135	199.517328526486	7.7751169599737	0.0544258187198159	619.28125
136.001	13	136	201.179873862124	17.9901414025114	0.12593098981758	619.28125
137.001	4	137	202.842419197762	16.0152449116314	0.11210671438142	619.28125
138.001	8	138	204.5049645334	16.6619976046712	0.116633983232699	619.28125
139.001	6	139	206.167509869038	12.0133817058822	0.0840936719411753	619.669270833333
140	10	140	207.830055204676	16.6349844146831	0.116444890902782	619.28125
141	9	141	209.492600540315	5.00427014371363	0.0350298910059954	619.669270833333
142	16	142	211.155145875953	3.32780363296323	0.0232946254307426	619.28125
143.001	6	143	212.817691211591	10.0004720222795	0.0700033041559562	619.28125
144	5	144	214.480236547229	6.00414766520712	0.0420290336564499	619.28125
145.001	2	145	216.142781882867	16.9830950272099	0.118881665190469	619.28125
146	7	146	217.805327218505	18.0276056725664	0.126193239707965	619.28125
147	4	147	219.467872554143	10.9842343284683	0.0768896402992784	620.057291666667
148	4	148	221.130417889781	22.035766252204	0.154250363765428	619.28125
149.001	14	149	222.792963225419	11.0008063591061	0.0770056445137429	619.28125
150	8	150	224.455508561057	13.3194588969823	0.0932362122788762	619.669270833333
151	8	151	226.118053896695	14.988088965699	0.104916622759893	619.28125
152.001	14	152	227.780599232333	12.0293275004461	0.0842052925031226	619.28125
153.001	7	153	229.443144567971	6.65808882889211	0.0466066218022448	620.057291666667
154.001	8	154	231.105689903609	8.87637714217493	0.0621346399952245	620.057291666667
155.001	10	155	232.768235239247	10.999038684019	0.0769932707881331	619.28125
156.001	5	156	234.430780574885	11.1054251334428	0.0777379759340995	619.28125
157.001	14	157	236.093325910523	14.4199497564581	0.100939648295207	619.28125
157.999	10	158	237.755871246161	13.0257793198519	0.0911804552389634	619.28125
159	9	159	239.418416581799	12.2028143239741	0.0854197002678185	619.28125
160	9	160	241.080961917437	4.4417384386823	0.0310921690707761	619.28125
161.001	9	161	242.743507253075	8.88536337415455	0.0621975436190818	619.28125
162.001	12	162	244.406052588713	9.0221529944626	0.0631550709612382	619.28125
163.001	6	163	246.068597924352	16.6498761915206	0.116549133340644	619.28125
164	6	164	247.73114325999	8.87498179242017	0.0621248725469412	619.669270833333
165	7	165	249.393688595628	8.00407487451862	0.0560285241216303	619.28125
166	9	166	251.056233931266	13.0109682462316	0.091076777723621	619.669270833333
167.001	6	167	252.718779266904	14.4368266122687	0.101057786285881	619.28125
168	13	168	254.381324602542	15.5543941607916	0.108880759125541	620.057291666667
169.001	1	169	256.04386993818	8.88812944760609	0.0622169061332426	619.28125
170	5	170	257.706415273818	11.0156775122354	0.0771097425856479	619.28125
171	8	171	259.368960609456	9.99613649324536	0.0699729554527175	619.28125
172	10	172	261.031505945094	19.978584954787	0.139850094683509	620.4453125
173.001	3	173	262.694051280732	11.0033494195633	0.0770234459369432	619.669270833333
174.001	8	174	264.35659661637	9.98478983681525	0.0698935288577068	620.057291666667
175	2	175	266.019141952008	11.0204197357283	0.0771429381500983	619.28125
176.001	10	176	267.681687287646	12.2119763740444	0.0854838346183108	619.28125
177	4	177	269.344232623284	9.00382302325567	0.0630267611627897	619.28125
178.001	15	178	271.006777958922	3.00331656247995	0.0210232159373596	619.28125
179	6	179	272.66932329456	16.9832799608785	0.11888295972615	619.669270833333
180.001	10	180	274.331868630198	17.7515213053759	0.124260649137631	619.28125
181	10	181	275.994413965836	13.0125870754781	0.0910881095283468	619.28125
182.001	13	182	277.656959301474	13.008135287809	0.091056947014663	619.28125
183	10	183	279.319504637112	15.5409246383932	0.108786472468752	619.28125
184.001	14	184	280.98204997275	12.2195040614299	0.0855365284300092	619.28125
185	12	185	282.644595308388	11.9992668447958	0.0839948679135705	619.28125
186.001	4	186	284.307140644027	19.0229111942423	0.133160378359696	619.28125
187	12	187	285.969685979665	13.3170776205845	0.0932195433440913	619.28125
188	9	188	287.632231315303	11.9962008032056	0.0839734056224394	619.28125
189.001	11	189	289.294776650941	5.99494805727214	0.041964636400905	619.28125
190	10	190	290.957321986579	9.00157977725091	0.0630110584407563	619.28125
191	6	191	292.619867322217	14.0172917310795	0.0981210421175562	619.28125
192.001	6	192	294.282412657855	6.99966051646495	0.0489976236152547	619.28125
193	12	193	295.944957993493	5.99427067608779	0.0419598947326146	619.28125
194.001	4	194	297.607503329131	10.008699561659	0.070060896931613	619.669270833333
195	7	195	299.270048664769	15.5542680078149	0.108879876054704	619.28125
196.001	5	196	300.932594000407	7.77324770175603	0.0544127339122922	619.28125
197.001	8	197	302.595139336045	14.0058446389678	0.0980409124727749	619.28125
198	8	198	304.257684671683	14.4370462602942	0.101059323822059	620.057291666667
199.001	4	199	305.920230007321	15.0010230697734	0.105007161488414	619.669270833333
200	7	200	307.582775342959	9.99071862239979	0.0699350303567985	619.28125
	6	201	309.245320678597			
	7	202	310.907866014235			
	7	203	312.570411349873			
	6	204	314.232956685511			
	6	205	315.895502021149			
	9	206	317.558047356787			
	3	207	319.220592692425			
	6	208	320.883138028064			
	4	209	322.545683363702			
	7	210	324.20822869934			
	4	211	325.870774034978			
	6	212	327.533319370616			
	4	213	329.195864706254			
	4	214	330.858410041892			
	1	215	332.52095537753			
	6	216	334.183500713168			
	4	217	335.846046048806			
	5	218	337.508591384444			
	4	219	339.171136720082			
	1	220	340.83368205572			
	7	221	342.496227391358			
	2	222	344.158772726996			
	5	223	345.821318062634			
	0	224	347.483863398272			
	3	225	349.14640873391			
	4	226	350.808954069548			
	5	227	352.471499405186			
	3	228	354.134044740824			
	1	229	355.796590076463			
	1	230	357.459135412101			
	5	231	359.121680747739			
	6	232	360.784226083377			
	1	233	362.446771419015			
	3	234	364.109316754653			
	4	235	365.771862090291			
	2	236	367.434407425929			
	5	237	369.096952761567			
	1	238	370.759498097205			
	1	239	372.422043432843			
	1	240	374.084588768481			
	4	241	375.747134104119			
	2	242	377.409679439757			
	5	243	379.072224775395			
	2	244	380.734770111033			
	2	245	382.397315446671			
	2	246	384.059860782309			
	2	247	385.722406117947			
	3	248	387.384951453585			
	3	249	389.047496789223			
	3	250	390.710042124861			
	3	251	392.372587460499			
	3	252	394.035132796137			
	0	253	395.697678131776			
	4	254	397.360223467414			
	2	255	399.022768803052			
	1	256	400.68531413869			
	6	257	402.347859474328			
	2	258	404.010404809966			
	3	259	405.672950145604			
	3	260	407.335495481242			
	3	261	408.99804081688			
	0	262	410.660586152518			
	4	263	412.323131488156			
	3	264	413.985676823794			
	3	265	415.648222159432			
	3	266	417.31076749507			
	4	267	418.973312830708			
	2	268	420.635858166346			
	1	269	422.298403501984			
	1	270	423.960948837622			
	1	271	425.62349417326			
	3	272	427.286039508898			
	4	273	428.948584844536			
	6	274	430.611130180174			
	1	275	432.273675515812			
	1	276	433.936220851451			
	2	277	435.598766187089			
	1	278	437.261311522727			
	2	279	438.923856858365			
	3	280	440.586402194003			
	2	281	442.248947529641			
	1	282	443.911492865279			
	0	283	445.574038200917			
	3	284	447.236583536555			
	5	285	448.899128872193			
	3	286	450.561674207831			
	2	287	452.224219543469			
	1	288	453.886764879107			
	3	289	455.549310214745			
	3	290	457.211855550383			
	1	291	458.874400886021			
	1	292	460.536946221659			
	1	293	462.199491557297			
	2	294	463.862036892935			
	5	295	465.524582228573			
	4	296	467.187127564211			
	1	297	468.84967289985			
	3	298	470.512218235488			
	2	299	472.174763571126			
	5	300	473.837308906764			
	4	301	475.499854242402			
	1	302	477.16239957804			
	4	303	478.824944913678			
	3	304	480.487490249316			
	1	305	482.150035584954			
	7	306	483.812580920592			
	2	307	485.47512625623			
	5	308	487.137671591868			
	1	309	488.800216927506			
	1	310	490.462762263144			
	3	311	492.125307598782			
	1	312	493.78785293442			
	3	313	495.450398270058			
	2	314	497.112943605696			
	4	315	498.775488941334			
	2	316	500.438034276972			
	3	317	502.10057961261			
	2	318	503.763124948249			
	2	319	505.425670283887			
	3	320	507.088215619525			
	3	321	508.750760955163			
	1	322	510.413306290801			
	2	323	512.075851626439			
	0	324	513.738396962077			
	1	325	515.400942297715			
	1	326	517.063487633353			
	1	327	518.726032968991			
	3	328	520.388578304629			
	2	329	522.051123640267			
	2	330	523.713668975905			
	1	331	525.376214311543			
	0	332	527.038759647181			
	1	333	528.701304982819			
	1	334	530.363850318457			
	0	335	532.026395654095			
	3	336	533.688940989733			
	6	337	535.351486325371			
	2	338	537.014031661009			
	3	339	538.676576996647			
	3	340	540.339122332285			
	0	341	542.001667667924			
	1	342	543.664213003562			
	2	343	545.3267583392			
	1	344	546.989303674838			
	2	345	548.651849010476			
	4	346	550.314394346114			
	4	347	551.976939681752			
	0	348	553.63948501739			
	1	349	555.302030353028			
	1	350	556.964575688666			
	1	351	558.627121024304			
	3	352	560.289666359942			
	4	353	561.95221169558			
	1	354	563.614757031218			
	0	355	565.277302366856			
	2	356	566.939847702494			
	1	357	568.602393038132			
	3	358	570.26493837377			
	2	359	571.927483709408			
	3	360	573.590029045046			
	2	361	575.252574380684			
	0	362	576.915119716322			
	0	363	578.57766505196			
	2	364	580.240210387598			
	0	365	581.902755723237			
	2	366	583.565301058875			
	2	367	585.227846394513			
	1	368	586.890391730151			
	0	369	588.552937065789			
	4	370	590.215482401427			
	2	371	591.878027737065			
	1	372	593.540573072703			
	3	373	595.203118408341			
	2	374	596.865663743979			
	1	375	598.528209079617			
	2	376	600.190754415255			
	3	377	601.853299750893			
	0	378	603.515845086531			
	1	379	605.178390422169			
	1	380	606.840935757807			
	3	381	608.503481093445			
	1	382	610.166026429083			
	1	383	611.828571764721			
	2	384	613.491117100359			
	2	385	615.153662435997			
	3	386	616.816207771636			
	0	387	618.478753107274			
	2	388	620.141298442912			
	1	389	621.80384377855			
	2	390	623.466389114188			
	4	391	625.128934449826			
	2	392	626.791479785464			
	6	393	628.454025121102			
	1	394	630.11657045674			
	4	395	631.779115792378			
	0	396	633.441661128016			
	0	397	635.104206463654			
	2	398	636.766751799292			
	1	399	638.42929713493			
	0	400	640.091842470568			
	1	401	641.754387806206			
	2	402	643.416933141844			
	0	403	645.079478477482			
	0	404	646.74202381312			
	0	405	648.404569148758			
	1	406	650.067114484396			
	2	407	651.729659820034			
	2	408	653.392205155673			
	0	409	655.054750491311			
	2	410	656.717295826949			
	0	411	658.379841162587			
	3	412	660.042386498225			
	0	413	661.704931833863			
	1	414	663.367477169501			
	2	415	665.030022505139			
	1	416	666.692567840777			
	3	417	668.355113176415			
	1	418	670.017658512053			
	0	419	671.680203847691			
	3	420	673.342749183329			
	2	421	675.005294518967			
	0	422	676.667839854605			
	0	423	678.330385190243			
	2	424	679.992930525881			
	0	425	681.655475861519			
	2	426	683.318021197157			
	1	427	684.980566532795			
	0	428	686.643111868433			
	1	429	688.305657204072			
	1	430	689.96820253971			
	1	431	691.630747875348			
	2	432	693.293293210986			
	0	433	694.955838546624			
	4	434	696.618383882262			
	1	435	698.2809292179			
	0	436	699.943474553538			
	0	437	701.606019889176			
	0	438	703.268565224814			
	1	439	704.931110560452			
	3	440	706.59365589609			
	2	441	708.256201231728			
	2	442	709.918746567366			
	2	443	711.581291903004			
	2	444	713.243837238642			
	0	445	714.90638257428			
	1	446	716.568927909918			
	2	447	718.231473245556			
	1	448	719.894018581194			
	0	449	721.556563916832			
	2	450	723.21910925247			
	2	451	724.881654588108			
	1	452	726.544199923746			
	1	453	728.206745259384			
	0	454	729.869290595023			
	2	455	731.531835930661			
	2	456	733.194381266299			
	2	457	734.856926601937			
	0	458	736.519471937575			
	3	459	738.182017273213			
	1	460	739.844562608851			
	0	461	741.507107944489			
	4	462	743.169653280127			
	0	463	744.832198615765			
	2	464	746.494743951403			
	3	465	748.157289287041			
	0	466	749.819834622679			
	2	467	751.482379958317			
	1	468	753.144925293955			
	2	469	754.807470629593			
	0	470	756.470015965231			
	2	471	758.132561300869			
	1	472	759.795106636507			
	1	473	761.457651972145			
	1	474	763.120197307783			
	1	475	764.782742643421			
	1	476	766.44528797906			
	2	477	768.107833314698			
	0	478	769.770378650336			
	1	479	771.432923985974			
	3	480	773.095469321612			
	0	481	774.75801465725			
	2	482	776.420559992888			
	1	483	778.083105328526			
	0	484	779.745650664164			
	0	485	781.408195999802			
	0	486	783.07074133544			
	0	487	784.733286671078			
	1	488	786.395832006716			
	0	489	788.058377342354			
	1	490	789.720922677992			
	1	491	791.38346801363			
	2	492	793.046013349268			
	3	493	794.708558684906			
	0	494	796.371104020544			
	3	495	798.033649356182			
	1	496	799.69619469182			
	1	497	801.358740027458			
	3	498	803.021285363096			
	1	499	804.683830698734			
	2	500	806.346376034373			
	1	501	808.008921370011			
	0	502	809.671466705649			
	0	503	811.334012041287			
	0	504	812.996557376925			
	1	505	814.659102712563			
	0	506	816.321648048201			
	0	507	817.984193383839			
	1	508	819.646738719477			
	1	509	821.309284055115			
	0	510	822.971829390753			
	16	511	824.634374726391			
