MIN=0	0	0	0	0	0	0
MAX=100	21544.3469003189	511	511	1000	100	2000
SCALE=100	5	100	500	500	50	500
DEC=0	0	0	1	0	0	0
DEF="Time" t / s	"Events" N	"Channel" n	"Energy" E / keV	"Rate" R / 1/s	"Dead time" t / %	"Voltage" U / V
0	0	0	0			628.59375
1.001	0	1	1	2025.63481626815	14.179443713877	649.158854166667
2	0	2	2	2187.59183247202	15.3131428273041	645.278645833333
3.001	0	3	3	2143.01648112919	15.0011153679043	645.278645833333
4.001	286	4	4	2199.77606279681	15.3984324395777	644.502604166667
5.001	677	5	5	1716.92909082855	12.0185036357998	646.830729166667
6.002	755	6	6	2156.10306292758	15.0927214404931	640.234375
7.001	443	7	7	2126.46617994441	14.8852632596108	646.442708333333
8	217	8	8	2130.56033736873	14.9139223615811	643.7265625
9	107	9	9	2157.95808963289	15.1057066274303	642.950520833333
10.001	105	10	10	2129.6919369103	14.9078435583721	646.830729166667
11	115	11	11	2171.10051305744	15.1977035914021	646.442708333333
12.001	123	12	12	2118.53339447092	14.8297337612964	642.174479166667
13	146	13	13	2155.13699831719	15.0859589882204	651.875
14.001	146	14	14	2166.22810381933	15.1635967267353	642.5625
15.001	160	15	15	2229.205777405	15.604440441835	648.3828125
16.001	161	16	16	2204.39784364724	15.4307849055307	645.666666666667
17.001	188	17	17	2168.50407442602	15.1795285209822	646.830729166667
18.001	214	18	18	2199.17457647563	15.3942220353294	641.786458333333
19	254	19	19	2148.45251431154	15.0391676001808	649.158854166667
20.001	279	20	20	2187.46319413055	15.3122423589139	639.458333333333
21.001	278	21	21	1758.64740474049	12.3105318331834	644.114583333333
22	330	22	22	2151.09538201162	15.0576676740813	645.278645833333
23.001	423	23	23	2178.10383960186	15.246726877213	647.606770833333
24.001	756	24	24	2084.07085840919	14.5884960088643	642.5625
25	1505	25	25	2208.09005097711	15.4566303568398	650.7109375
26	3781	26	26	2198.24046709558	15.3876832696691	644.890625
27	8092	27	27	2106.64302545049	14.7465011781534	647.994791666667
28	12711	28	28	2008.4834658879	14.0593842612153	646.442708333333
29.001	13930	29	29	2168.45844289295	15.1792091002506	645.278645833333
30	10772	30	30	2171.61247735608	15.2012873414926	638.294270833333
31	6590	31	31	2164.96909207163	15.1547836445014	650.322916666667
32.001	4149	32	32	2141.06444603983	14.9874511222788	647.994791666667
33.001	2512	33	33	2209.06476921876	15.4634533845313	652.263020833333
34.001	1347	34	34	2069.55640362364	14.4868948253655	645.666666666667
35.001	663	35	35	2176.11815971105	15.2328271179774	642.174479166667
36	371	36	36	2158.51882438271	15.109631770679	649.934895833333
37.001	296	37	37	2124.61868896223	14.8723308227356	647.606770833333
38.001	249	38	38	2126.06275382303	14.8824392767612	646.0546875
39.001	297	39	39	2159.84774974991	15.1189342482494	640.622395833333
40.001	357	40	40	2173.29541762561	15.2130679233792	651.875
41	435	41	41	2151.78396089033	15.0624877262323	653.815104166667
42.001	458	42	42	2177.61131149085	15.243279180436	649.546875
43.001	534	43	43	2137.72765994042	14.9640936195829	643.338541666667
44.001	543	44	44	2122.75240675802	14.8592668473061	648.770833333333
45.001	578	45	45	2125.30689431554	14.8771482602088	637.90625
46.001	553	46	46	2138.57934174328	14.970055392203	649.934895833333
47.001	507	47	47	2144.24424153745	15.0097096907621	643.7265625
48.001	419	48	48	2111.24480773227	14.7787136541259	644.890625
49.001	350	49	49	1791.17637423926	12.5382346196748	640.234375
50.001	326	50	50	2142.27336939975	14.9959135857982	635.966145833333
51.001	294	51	51	2068.70089588967	14.4809062712277	645.278645833333
52	327	52	52	2140.28685641944	14.9820079949361	643.7265625
53	335	53	53	2175.8983855454	15.2312886988178	655.755208333333
54	365	54	54	2073.18498542993	14.5122948980095	642.174479166667
55.001	408	55	55	2162.88473776048	15.1401931643234	649.546875
56.001	401	56	56	2186.32314411256	15.3042620087879	643.7265625
57	452	57	57	2189.76228913817	15.3283360239672	641.3984375
58.001	512	58	58	2152.95800098849	15.0707060069195	640.234375
59	633	59	59	2110.74671039475	14.7752269727633	650.322916666667
60.001	866	60	60	2161.35149308863	15.1294604516204	645.278645833333
61.001	1144	61	61	2206.85751819269	15.4480026273488	648.770833333333
62	1632	62	62	2234.51746080763	15.6416222256534	635.966145833333
63	2284	63	63	2110.63668688694	14.7744568082086	652.651041666667
64.001	3031	64	64	2198.47669992214	15.389336899455	646.0546875
65.001	3759	65	65	2156.58543528194	15.0960980469736	646.0546875
66.001	4094	66	66	2156.17946620444	15.0932562634311	644.114583333333
67.001	3960	67	67	2130.13045690688	14.9109131983482	638.294270833333
68.001	3292	68	68	2123.50697176387	14.8645488023471	638.682291666667
69	2444	69	69	2160.29833930192	15.1220883751134	640.234375
70.001	1616	70	70	2170.41450809415	15.192901556659	649.546875
71.001	894	71	71	2124.24929030081	14.8697450321056	642.950520833333
72	545	72	72	2120.01991479339	14.8401394035537	648.3828125
73.001	342	73	73	2125.70325683171	14.879922797822	637.130208333333
74	237	74	74	2128.28256483375	14.8979779538363	644.502604166667
75	231	75	75	2194.56605010763	15.3619623507534	637.130208333333
76.001	177	76	76	2114.77644005901	14.8034350804131	641.786458333333
77	198	77	77	2075.33152970463	14.5273207079324	649.934895833333
78.001	170	78	78	2186.01536361351	15.3021075452946	644.502604166667
79.001	189	79	79	2134.71320768269	14.9429924537788	644.890625
80.001	205	80	80	2147.12354416927	15.0298648091849	640.622395833333
81	206	81	81	2206.41685124762	15.4449179587333	645.278645833333
82	183	82	82	2176.29205219542	15.2340443653679	647.606770833333
83.001	202	83	83	2164.50454600967	15.1515318220677	644.890625
84.001	197	84	84	2060.91033829688	14.4263723680781	645.278645833333
85.001	203	85	85	2175.32890843016	15.2273023590111	642.950520833333
86.001	197	86	86	2130.83173539469	14.9158221477628	637.90625
87.001	175	87	87	2093.55697832478	14.6548988482735	651.098958333333
88.001	206	88	88	2119.6535960358	14.8375751722506	647.994791666667
89	213	89	89	2182.51600444993	15.2776120311495	649.934895833333
90.001	203	90	90	2164.97293506413	15.1548105454489	645.278645833333
91	207	91	91	2160.25301060967	15.1217710742677	642.950520833333
92	174	92	92	2175.57489866915	15.229024290684	641.786458333333
93	195	93	93	2206.76364728387	15.4473455309871	653.0390625
94.001	211	94	94	2103.95732241238	14.7277012568867	638.682291666667
95.001	193	95	95	2172.62534212749	15.2083773948925	645.666666666667
96.001	213	96	96	2081.16337032401	14.5681435922681	641.010416666667
97.001	188	97	97	2167.97996542627	15.1758597579839	647.606770833333
98	199	98	98	2133.03665581473	14.9312565907031	642.5625
99	189	99	99	2067.68985851427	14.4738290095999	643.7265625
	179	100	100			
	202	101	101			
	215	102	102			
	233	103	103			
	224	104	104			
	226	105	105			
	216	106	106			
	212	107	107			
	256	108	108			
	240	109	109			
	251	110	110			
	263	111	111			
	261	112	112			
	246	113	113			
	244	114	114			
	285	115	115			
	275	116	116			
	299	117	117			
	306	118	118			
	284	119	119			
	304	120	120			
	296	121	121			
	264	122	122			
	274	123	123			
	274	124	124			
	278	125	125			
	260	126	126			
	235	127	127			
	236	128	128			
	251	129	129			
	212	130	130			
	228	131	131			
	252	132	132			
	201	133	133			
	199	134	134			
	219	135	135			
	203	136	136			
	197	137	137			
	198	138	138			
	196	139	139			
	193	140	140			
	169	141	141			
	207	142	142			
	190	143	143			
	194	144	144			
	168	145	145			
	158	146	146			
	175	147	147			
	158	148	148			
	169	149	149			
	150	150	150			
	183	151	151			
	152	152	152			
	147	153	153			
	165	154	154			
	159	155	155			
	153	156	156			
	178	157	157			
	174	158	158			
	177	159	159			
	186	160	160			
	174	161	161			
	155	162	162			
	186	163	163			
	176	164	164			
	152	165	165			
	156	166	166			
	148	167	167			
	175	168	168			
	159	169	169			
	156	170	170			
	144	171	171			
	159	172	172			
	183	173	173			
	172	174	174			
	171	175	175			
	218	176	176			
	197	177	177			
	234	178	178			
	195	179	179			
	261	180	180			
	300	181	181			
	262	182	182			
	338	183	183			
	349	184	184			
	399	185	185			
	420	186	186			
	444	187	187			
	466	188	188			
	538	189	189			
	537	190	190			
	585	191	191			
	588	192	192			
	597	193	193			
	625	194	194			
	628	195	195			
	619	196	196			
	681	197	197			
	722	198	198			
	736	199	199			
	812	200	200			
	845	201	201			
	940	202	202			
	871	203	203			
	965	204	204			
	949	205	205			
	1025	206	206			
	1009	207	207			
	1059	208	208			
	1005	209	209			
	979	210	210			
	932	211	211			
	847	212	212			
	873	213	213			
	788	214	214			
	704	215	215			
	608	216	216			
	577	217	217			
	511	218	218			
	451	219	219			
	457	220	220			
	442	221	221			
	457	222	222			
	508	223	223			
	612	224	224			
	693	225	225			
	732	226	226			
	866	227	227			
	987	228	228			
	1195	229	229			
	1345	230	230			
	1483	231	231			
	1673	232	232			
	1857	233	233			
	2027	234	234			
	2104	235	235			
	2192	236	236			
	2373	237	237			
	2422	238	238			
	2347	239	239			
	2496	240	240			
	2353	241	241			
	2180	242	242			
	2096	243	243			
	2001	244	244			
	1860	245	245			
	1637	246	246			
	1453	247	247			
	1257	248	248			
	1148	249	249			
	915	250	250			
	834	251	251			
	734	252	252			
	608	253	253			
	534	254	254			
	491	255	255			
	447	256	256			
	392	257	257			
	386	258	258			
	329	259	259			
	253	260	260			
	242	261	261			
	222	262	262			
	195	263	263			
	166	264	264			
	120	265	265			
	106	266	266			
	109	267	267			
	56	268	268			
	58	269	269			
	47	270	270			
	41	271	271			
	26	272	272			
	14	273	273			
	14	274	274			
	19	275	275			
	5	276	276			
	13	277	277			
	7	278	278			
	1	279	279			
	5	280	280			
	4	281	281			
	5	282	282			
	7	283	283			
	6	284	284			
	2	285	285			
	5	286	286			
	7	287	287			
	9	288	288			
	9	289	289			
	5	290	290			
	9	291	291			
	6	292	292			
	7	293	293			
	3	294	294			
	7	295	295			
	2	296	296			
	5	297	297			
	4	298	298			
	5	299	299			
	3	300	300			
	4	301	301			
	2	302	302			
	3	303	303			
	1	304	304			
	6	305	305			
	2	306	306			
	0	307	307			
	1	308	308			
	1	309	309			
	1	310	310			
	4	311	311			
	0	312	312			
	1	313	313			
	2	314	314			
	4	315	315			
	2	316	316			
	2	317	317			
	1	318	318			
	4	319	319			
	1	320	320			
	2	321	321			
	1	322	322			
	2	323	323			
	0	324	324			
	1	325	325			
	2	326	326			
	0	327	327			
	1	328	328			
	4	329	329			
	0	330	330			
	0	331	331			
	1	332	332			
	0	333	333			
	4	334	334			
	0	335	335			
	4	336	336			
	2	337	337			
	1	338	338			
	0	339	339			
	1	340	340			
	1	341	341			
	2	342	342			
	1	343	343			
	3	344	344			
	1	345	345			
	2	346	346			
	2	347	347			
	1	348	348			
	0	349	349			
	2	350	350			
	1	351	351			
	0	352	352			
	3	353	353			
	0	354	354			
	0	355	355			
	0	356	356			
	0	357	357			
	0	358	358			
	2	359	359			
	0	360	360			
	2	361	361			
	0	362	362			
	0	363	363			
	0	364	364			
	0	365	365			
	0	366	366			
	0	367	367			
	1	368	368			
	3	369	369			
	0	370	370			
	0	371	371			
	1	372	372			
	0	373	373			
	1	374	374			
	0	375	375			
	0	376	376			
	0	377	377			
	2	378	378			
	0	379	379			
	0	380	380			
	0	381	381			
	1	382	382			
	0	383	383			
	0	384	384			
	1	385	385			
	0	386	386			
	2	387	387			
	0	388	388			
	1	389	389			
	1	390	390			
	1	391	391			
	1	392	392			
	2	393	393			
	1	394	394			
	0	395	395			
	2	396	396			
	2	397	397			
	1	398	398			
	2	399	399			
	0	400	400			
	0	401	401			
	0	402	402			
	0	403	403			
	0	404	404			
	0	405	405			
	1	406	406			
	1	407	407			
	0	408	408			
	0	409	409			
	1	410	410			
	3	411	411			
	0	412	412			
	2	413	413			
	3	414	414			
	0	415	415			
	0	416	416			
	1	417	417			
	0	418	418			
	1	419	419			
	3	420	420			
	1	421	421			
	1	422	422			
	0	423	423			
	2	424	424			
	1	425	425			
	1	426	426			
	0	427	427			
	1	428	428			
	0	429	429			
	3	430	430			
	1	431	431			
	3	432	432			
	2	433	433			
	0	434	434			
	0	435	435			
	0	436	436			
	1	437	437			
	1	438	438			
	2	439	439			
	0	440	440			
	0	441	441			
	0	442	442			
	0	443	443			
	1	444	444			
	1	445	445			
	0	446	446			
	0	447	447			
	1	448	448			
	0	449	449			
	1	450	450			
	1	451	451			
	0	452	452			
	0	453	453			
	0	454	454			
	1	455	455			
	1	456	456			
	2	457	457			
	1	458	458			
	0	459	459			
	3	460	460			
	0	461	461			
	0	462	462			
	0	463	463			
	1	464	464			
	1	465	465			
	0	466	466			
	0	467	467			
	0	468	468			
	0	469	469			
	1	470	470			
	0	471	471			
	1	472	472			
	2	473	473			
	0	474	474			
	0	475	475			
	1	476	476			
	0	477	477			
	0	478	478			
	0	479	479			
	0	480	480			
	1	481	481			
	0	482	482			
	2	483	483			
	1	484	484			
	0	485	485			
	1	486	486			
	0	487	487			
	0	488	488			
	2	489	489			
	0	490	490			
	0	491	491			
	0	492	492			
	0	493	493			
	0	494	494			
	0	495	495			
	0	496	496			
	0	497	497			
	0	498	498			
	0	499	499			
	0	500	500			
	0	501	501			
	2	502	502			
	0	503	503			
	2	504	504			
	0	505	505			
	1	506	506			
	0	507	507			
	0	508	508			
	0	509	509			
	0	510	510			
	10	511	511			
